-9.212889830595845
-14.070383159636473
-18.971377858773455
-23.26682750895791
-26.31850377464945
-8.837985128657891
-20.736708549343295
-32.438982041235
-42.129149582995936
-48.349843879948374
-8.423697151542083
-13.270540941474861
-19.326628543354094
-25.869936301158933
-31.81259277409906
5.231124656394267
14.55666441660453
25.21634979546605
35.64175554377068
44.09847537884449
-37.05387523858326
-66.17546346220706
-95.24004046158106
-119.42044489658127
-134.60841712265423
1.6176691110701564
-1.184257652413827
-3.7258352518110027
-5.670989523012705
-6.844613365926892
14.561057985085595
14.469990141902048
16.532324978573815
20.510850092486102
25.354649116628284
-3.721433682414752
-7.684854287617584
-11.729674955336161
-15.308268610845772
-17.90891729300213
-6.505467430492782
-8.91374928764309
-11.046401114721057
-12.672120783618913
-13.61588665395544
-22.89661952976176
-48.54056566040678
-74.80722937286995
-97.18224849966617
-111.73433276961016
-6.569493082411083
-7.1883135768806
-6.176852724426149
-3.883277860163784
-1.024211787112121
-14.289669755803304
-30.238337598485018
-47.61162461809368
-63.56272828808343
-75.25317218829477
11.892881993602318
33.88022065593716
57.27092575577968
78.03545085150378
92.48167954543861
-7.479668962574114
-6.128845076830639
-3.4998562031074205
-0.21185727028292478
2.9338243083946085
13.595346814036503
31.541222421971476
51.385847798460965
69.88789424824476
83.75944151255085
-6.654638434525688
-4.927515186663718
-4.688376233865831
-6.035266936902386
-8.471992566531497
-7.321492590581479
-4.6284219355674745
-3.47962583617197
-4.088917957591025
-6.028887367948188
2.187697477103128
1.7256238481590649
3.339899102997362
6.74851207758262
11.029896545889994
1.5731444900016687
-1.5021317567395118
-3.9139629714081043
-5.369902532889955
-5.8583891381394375
2.63929431713111
14.899333515817306
27.420754896516883
38.24726085721254
45.73441911514113
-8.236597111125487
-1.8576734898796632
4.196381022199248
9.007938906919023
12.047861402139798
-19.184237731636934
-32.48296526850702
-45.984818087490126
-57.56614869541348
-65.29614420287558
-15.47655697215136
-38.60867322742748
-63.13656506466145
-84.98132229949069
-100.35009767593588
6.668273101960428
3.826912827756938
2.895080727681726
4.0114604361951995
6.592472308426795
2.8082784181460676
10.933490674059954
20.24741708537359
29.38347081861541
36.839233429422514
16.379332901156193
33.70141535451583
51.145902372069926
65.69904749940004
74.8350171481659
-2.792850039862856
-14.431625288349077
-25.92999356134537
-35.544032403397274
-41.908060450005806
8.435474802096987
13.316302285340306
18.73840721144086
24.03498669164047
28.39822525095026
0.9339656406760349
-9.043762276913501
-19.181103405216113
-27.910931071537647
-33.94867388337543
-2.7392973868872184
-8.787081483805355
-16.66196213199874
-25.096462588570557
-32.462187956570425
19.069709613091753
23.535456245130224
28.973193628690513
34.56292210890073
39.15010958909557
-7.974170250458308
-15.209318858242506
-22.466368297940463
-28.61129028173583
-32.66092898724756
-5.439832148665254
-14.110972004565614
-25.581217179457305
-38.07749379377592
-49.21634373021134
21.617591532897126
43.10275736401713
65.28337276162664
84.39457825426955
97.07947328541194
16.662707743857332
22.63764997591728
29.791397929170166
37.00862843846676
42.86170515092394
5.6255846719859575
11.312536546392883
17.179716423461812
22.493867022929102
26.54368791158551
13.951085574760748
16.171248385691154
20.214417439507244
25.55646036364941
31.03306446123756
-11.286924591205867
-42.87989186625412
-77.41984878034643
-109.09757285871329
-132.30863846275392
3.5093768471844835
24.082690183220535
46.867215627205155
68.03400310710045
83.84892197814207
3.18877040404379
-1.8450767702325988
-7.388107669040388
-12.337290031430786
-15.71622068586634
0.13864684133565353
-2.0043754355085963
-5.7271359323011035
-10.409452060741414
-15.041529158826968
31.32147190562771
50.42652304302422
69.66560435275552
85.8755329010062
96.24182628181136
-12.665328854986521
-15.680907712361726
-20.13899909349447
-25.530599748844523
-30.820980457026312
0.8616482173539873
4.884176127900335
9.307948575483726
13.589844700432657
17.146904635929467
3.2761562730731337
12.767778852922945
23.730712937284128
34.286994864550515
42.46894241823672
-7.216549131124315
-10.89120618662027
-13.940135021405672
-16.124498680360254
-17.353934161268903
14.294477486636165
21.093328921422337
29.65124365163858
38.64979835319061
46.330360085650405
11.96787910723354
14.179766315444077
17.097161059620284
20.357413011356787
23.31524776272122
-0.6766462373720833
1.3668424125632117
4.231722115836891
7.470223591286543
10.47090359049551
2.0342442818607593
-2.135993191461776
-6.740319727804094
-10.972318767570892
-14.081326989456187
-24.708756973792724
-53.24271232869963
-82.42433149414875
-107.33000695438999
-123.6750392260095
-4.822734740492543
-15.58539076860837
-26.26791424030587
-35.2001650583284
-41.042106649876374
9.94394932436014
21.24134257854646
33.83040501415595
45.84365033698786
55.27735053973447
16.285905228035965
26.901807298855147
39.11335079866771
50.96343235299455
60.23537639607999
-16.73442529765248
-22.673021551317202
-30.155159133577666
-38.089103943017925
-44.92312465401738
-32.16158548244491
-59.755038139514184
-87.27579570917588
-110.0508815811557
-124.15826332584705
40.623650546181715
68.99710314231865
97.04453413702048
120.07411583497692
134.15136102882093
-5.126079100016114
-15.994736430799726
-29.683443799532903
-44.09047072623213
-56.568482925443995
6.741662083475577
19.241241606315125
32.805637330810846
45.31217343364725
54.678218197345764
-0.5263453436830924
5.09814501996133
9.911790672246408
13.211748641252335
14.719079751714311
-4.8608725167533935
-5.1529643242921805
-4.593831144430259
-3.4865310999825767
-2.267575902793404
7.908610932464909
17.422273632311363
28.174001525492336
38.36414290980897
46.111521431706
16.26548543963871
40.39865270317586
66.64279706350526
90.6155215472386
108.05503816639349
-11.401794724168091
-23.515590027570724
-37.86943566151408
-52.270280947287624
-64.12699218715768
-16.880024276514145
-20.861916455201104
-26.072480634875323
-31.84967917413946
-37.072190257106456
-11.178012724012705
-21.07990066035105
-31.70252623821485
-41.21315743455876
-47.83977163589195
-11.302852866165779
-11.932765792599358
-14.138765691612129
-17.6694201403862
-21.67483484161626
-4.35083204040338
-10.458258134965655
-18.97186462440519
-28.535488300882015
-37.23974788588041
29.205850726748416
47.92928517802847
66.75504664064032
82.56921823576639
92.62985806377169
4.5625151019039185
3.2167710629414947
2.848703460507538
3.5046905296861293
4.859050611519446
-7.559737324367913
-12.513352802339124
-17.106134446611083
-20.474553451562528
-21.999153693753755
-13.216032046466642
-28.12075748574108
-43.34573630726084
-56.211513018692905
-64.41046220236495
-10.692107720922028
-6.899777694605231
-3.9828708906272365
-2.427588376446201
-2.210078875414933
-18.37067748674375
-32.21200550409852
-45.51682472744327
-55.935415104653764
-61.64819351176417
5.62577972246839
17.225331824142167
28.697142586710655
38.252703028322635
44.478376587860765
11.04180896337952
23.041089898512247
36.16101510529333
48.40638795812638
57.724798955689664
8.387116498656205
15.115807353909599
22.156309020657613
28.652614766575265
33.716466731749044
-3.913397971638027
1.7943793301886966
8.932221101004949
16.10558429667401
21.828586350499556
-16.094023585909223
-26.12440785938513
-37.77124184749127
-49.287010221052654
-58.587342903236404
-9.304066509125754
-16.774700208883193
-24.82082942537912
-32.37043831327468
-38.266694942447685
-15.951172820064997
-25.51722609518315
-35.45092449392788
-44.29366286569634
-50.60034471120556
0.6619678122913862
-0.20514644160166695
-0.8426409005760936
-1.1833693862708121
-1.2469554621349386
-3.2638962421811772
-11.58246893039744
-19.57966039545031
-26.024514770225817
-30.015321559328914
5.850037724778395
5.682816238756973
5.11139542691887
4.495021907185053
4.159797684767919
-2.4107988423377837
3.333398754377121
7.874716292205732
10.556751911891126
11.284907146628363
-0.1782556645219101
-4.6445556784441075
-9.485845819945071
-14.00959103404574
-17.531713612128293
10.523287479853579
32.232704286585125
55.632193024519616
76.6802761140796
91.59567652640676
23.76221843731313
56.19497011748247
89.88219186121216
119.07577191789966
138.6797513094592
-2.89543756358971
-4.079954006516284
-6.470068624539722
-9.680928232229483
-12.976860235748049
-9.656156718061432
-18.444293027705427
-28.325338458638562
-37.581989201270964
-44.423701896533096
-3.236037421602124
-5.79141162952198
-8.052742956650896
-9.460861624212367
-9.664666503659483
10.688756113722361
21.26876108498125
33.488326158901785
45.441599269459594
54.98621123565002
6.3932983021892715
1.7947678890557879
-1.8062967904150216
-3.828126182870847
-4.204382160713302
-18.15063721042653
-42.63945211431116
-68.13805389693722
-90.41585820051797
-105.66209621302333
0.17388368559635603
4.478797034217194
9.130212558555943
13.44874079430685
16.783256263504718
9.498988817894505
23.541986333288747
37.973645755877875
50.25405422334684
58.21022728640941
2.3267532626653167
-7.786175565253829
-17.680091305524172
-25.894670377349854
-31.35910697109499
-9.708871031687003
-27.309449545641925
-46.57099542004584
-64.45737445298536
-77.93368661582038
-6.008833335322234
-10.701599709977131
-14.942095787806473
-18.16268195621971
-19.98806626145791
6.751772290336258
-0.4077203236045902
-6.7329365116450655
-11.250983580480458
-13.532394672246008
10.351557485233268
28.579484403430257
48.28668500155599
66.30614875557534
79.57264799359534
-0.8629263679359008
-4.706727382398628
-6.939856749933516
-7.349564083327425
-6.269320017969992
10.110030595727569
24.028419320282865
38.904166061817406
52.40697796293103
62.293386077839564
5.008027321489709
19.518230477563723
36.374835736293825
52.79351161563567
65.78385452409701
-5.2111698489998455
-6.662843997996512
-10.10976747615127
-15.079120046594575
-20.472401711963432
9.197739064263352
15.458158958164523
22.83678540921741
30.06722776432442
35.71382065701304
-4.032617192410265
1.0321600273797849
7.2810759081933965
13.633993799545847
18.910035921822846
-13.526463541099318
-23.49852236868137
-34.86513692313966
-45.82084192252415
-54.34833273098236
0.3155412651447532
-4.4409546504475506
-8.443669773360874
-11.162428102535753
-12.41474734012408
3.418184033813531
12.210513526062012
21.02203994351855
28.68954935659585
34.2350653211179
-2.7954265011845902
5.849369335121177
14.031477778214928
20.482772146218046
24.392880387802922
-18.505415235459708
-24.439983059792695
-31.694083550442194
-39.281043401812745
-45.77913889001557
-0.5096979954092481
10.873081969322087
24.135700753558403
37.08416045725442
47.39865941280156
-21.18717026488842
-43.20334030888031
-65.39548481749746
-83.90330533125302
-95.47268673619267
6.426643792555068
8.720051080245678
12.35619565040772
16.873532774900983
21.39204270245824
-23.35688090510982
-52.73415640595888
-83.06738847767473
-109.20622954971164
-126.6050208582205
6.096570024021303
19.4517059116665
33.572500659417074
46.00020586504397
54.5293620854871
-0.8809450498020374
-4.352436680076829
-8.50612299928527
-12.440289386701005
-15.24034946340171
2.9571122943312704
13.826559473178357
26.467247512423533
38.73396730850099
48.35345248567413
11.175570018233095
16.011670952790798
22.81457896533612
30.659261472932634
38.04284220048654
4.595672137088288
9.805063970268247
14.95143461843197
19.287281453553824
22.198334722195085
6.224620636475794
7.212908334432524
8.425875003701444
9.721287149417504
10.849291221771054
2.683751286432716
6.299355209278093
9.683519400393493
12.51276177524236
14.56056005518355
-10.187848623508806
-13.993991219833232
-19.48045052701086
-25.92264226627455
-32.07020220942122
11.116353701302273
20.892472300968997
30.867732432669914
39.60976603761733
45.804144720074724
-11.339476066064343
-20.176968249224323
-30.021609791001026
-39.54010093274015
-47.205211180820875
-0.7557830639655384
-12.050011465855084
-23.55991360871516
-33.54272645137221
-40.535320370170275
13.035931049407534
23.15620900498121
32.920383057535
40.62242661495164
44.94115916198943
-3.4262325868735926
-15.07939326240358
-26.83541075818036
-36.93211843076231
-43.899615172750174
11.307157883217833
20.71631251581756
31.1045898967469
40.992366907963195
48.764667421777496
-13.833066357765366
-21.996772423698335
-31.39759629575853
-40.57053560537569
-47.81113282601508
-19.232091365575684
-45.02325619915641
-72.30503205630953
-96.4583268704663
-113.21042248430498
-0.5952104199826908
-0.010709253084006165
0.9223766812747897
1.9420258690474017
2.7543419889140286
-5.546128210094742
-0.7078846567757827
5.307079973059216
11.376824580181392
16.31584926068682
-3.297270336677436
-5.548410214733926
-8.651302225155398
-12.193832081699915
-15.521089321059435
-3.647918951371983
0.986860022870434
4.3303074137878435
5.8898221571119285
5.744044237762725
3.384646441248768
-2.8595622391243016
-11.228864389674875
-20.172125532144825
-27.826611259609166
-7.156192544162894
-6.5884161018589795
-4.971588905481272
-2.7266950646151984
-0.43212925219211284
12.980397002873147
20.979440518436753
29.33143371283375
36.781651355301626
42.09559696759839
-5.299959690084484
-11.671344652085835
-19.138487004201515
-26.456399059312982
-32.23670516812321
-8.499690379835114
-12.16272900339041
-17.167458898061867
-22.777949169084778
-27.87578225701325
-5.0372132032582195
-7.072229455607446
-9.106341249362158
-10.869943401053614
-12.088324135624369
9.804010289445296
13.373157311191022
18.626033459513398
24.773076257600753
30.539353508542085
-39.8711922659789
-70.08021059191681
-100.19335654894034
-125.224391579444
-140.92392712260116
-1.4597454762021682
-2.0355606760040907
-3.3460587630853937
-5.2257100839318875
-7.276008724707325
-5.265715336660599
-4.005494474474461
-0.9928234041149478
3.1510126489627477
7.435821342995648
5.586501033217204
10.737769464120444
17.16435231145241
24.017510091342267
30.135639283131002
8.415273532019295
19.945336656836215
33.612712817451175
47.20360746367822
58.20147515914544
-23.297604766448615
-52.97400959824077
-83.87885024836274
-110.75361680174713
-128.8799181516918
-0.07825447346791903
-1.2360160821047352
-2.557640430988329
-3.6188135177658443
-4.055297293336136
-8.45176790213155
-5.461797150522914
-4.092913347492478
-4.58906448978128
-6.510392223768531
-14.708728740054271
-19.920161484430086
-26.955331273662186
-34.80204779626039
-41.897171610130655
15.134622983775404
26.755221910321033
38.9342083630408
49.768626848970264
57.4319465265279
5.987795374318882
8.822742829302534
11.420671819629405
13.515474180542295
14.902939954937601
-4.640491644309706
-12.058803152037735
-22.13269770737876
-33.26226135547178
-43.26127188329387
-14.502840679520956
-22.506196291790328
-31.407572793209976
-39.969839231817765
-46.75311281595706
-6.11994791858194
-3.9019620454126955
-2.4018282310811805
-1.8555470841666737
-2.1435617122797077
-22.16826376260996
-53.545391959074045
-86.88962771668805
-116.68849832030729
-137.77287667210146
-18.3577348344029
-21.566656823200663
-26.169630232638337
-31.54594164749377
-36.54410307346028
7.338640428168982
22.494543270335267
40.24866594050102
57.71491752146378
71.71172209963262
1.0719823762994625
-2.879967350342057
-5.65446225317583
-6.864052062231033
-6.592692844333265
-13.643492403407777
-19.64140767998846
-27.002569133945354
-34.77732123593368
-41.599777819394426
-10.855353614885306
-14.269436513662633
-19.160112760037517
-24.81814673466638
-30.075376698712475
-2.4274948925118527
5.982746736886411
13.796418670751255
19.876997165237754
23.54822176978014
18.127309849387395
33.32107100908838
48.411855688152066
60.834936912257895
68.46306215152416
9.382803771825671
5.988324148619152
4.146062151276939
4.143715686933432
5.605497035086398
-11.009339860283735
-11.08281923881069
-12.89385535685338
-16.2527006909047
-20.306247622282633
-10.23958101529595
-17.251558577754537
-25.920331515464913
-35.01664322654104
-42.90073069989941
-10.49504590796859
-30.934946772118764
-53.87522743306783
-75.60767574181183
-92.29723225241624
-7.97872896831696
-14.540039011712704
-20.560395405806197
-24.87894882345742
-26.70872902097524
19.454081227044583
33.13206823807679
47.50303680927715
60.19313132613752
68.9369337223996
-8.529125713867284
-19.125474256254243
-29.435704759024034
-37.855622023901056
-43.127385363202926
-18.092105486205156
-31.37693131957884
-43.94082981130513
-53.537052555487136
-58.49310372121547
-2.5747668713282708
-12.051785570102878
-21.416694440927934
-29.399571214902167
-34.98140019500665
-22.01403732533558
-44.40296597659643
-67.67100070547947
-87.93058159304125
-101.64569119739166
-3.6336744678136434
-2.5033961452949005
-3.4238712752875258
-6.221049390650591
-10.040014623092896
32.66040740028344
54.25593812450622
76.09708943594485
94.58131555854344
106.50314196728267
11.677573699294566
26.027195082029962
41.28265168297474
55.01679957651675
64.91740198782364
-2.8267911167730664
-8.745464688321615
-13.447147468623758
-16.3703401141678
-17.418793917299567
9.311651194539103
34.159408760126354
61.7245376591314
87.40025524433109
106.61952868884416
-12.922214267844693
-19.176562580475892
-26.24956661914124
-33.20492491460265
-38.87881968601004
3.5126283885641967
4.6149639020792605
6.929856980638369
10.1459638716485
13.581043506860553
3.5248621351615195
2.9378879299373515
4.52867962242519
7.985886448778802
12.322406053330136
0.8967640510121709
2.9221065099446863
5.193343835767175
7.421541017500714
9.28620804538874
-22.24918831073801
-47.75736405226877
-74.637796387041
-98.53306799798838
-115.3588243060886
-6.679230589302194
-0.9206358886413112
6.470352963824637
14.029706615556714
20.181650933590376
0.13837801639774072
-5.6763369354357325
-10.561631641474325
-13.888695295205093
-15.448688462829228
2.127118576222649
-0.6841430332106176
-1.7672262078183647
-1.0512683652507873
0.9451707493154936
-5.1259459918341195
-9.078605066503165
-12.634932693046053
-15.331586554535143
-16.865733787659273
8.155355242803411
31.831763113390863
57.09215586468306
79.5419111489422
95.18992183939716
3.887311500106668
10.195109312181764
16.252382979764036
21.3354998144487
24.89521884203002
7.336358406783531
21.93164060038993
38.93616559803268
55.585821714229034
68.8570214216201
-13.177769127436232
-21.312235783375808
-29.01395983765964
-35.21629989548016
-39.068762554684746
-6.354183717884843
-8.87690832543932
-12.87201762437249
-17.755804604686524
-22.508331877143316
-10.60915170556493
-18.981844780115694
-28.383604326675027
-37.54245226135996
-44.98063815197384
23.461496981201627
45.92190814101823
69.49389673073748
90.31865752523618
104.7913927064182
-7.866352364901755
-18.90245814821519
-29.95028319794863
-39.42449252617783
-45.97223708875149
-6.487735035481447
-5.11899908693139
-2.8679766973475376
-0.2672767928330094
2.067741274062733
-0.9580220482305434
-2.1314280942535224
-2.599964636631548
-2.3777911229165167
-1.681968925928779
2.1460800619500384
4.149737259460513
7.362331256127656
11.350743440324685
15.349210099067315
-7.255666368501889
-10.844110369597393
-14.283485510289776
-17.19087475293124
-19.215453215546816
4.948980916896892
7.4386703542917685
8.723522376762912
8.818343135930924
8.06126120580255
3.0634878266489944
0.7269923957451775
-1.9328868719061174
-4.239422251555745
-5.6146885669205995
-4.273193239439833
-5.074514963495495
-5.915458548764735
-6.710624068329239
-7.324557601790883
-8.288265403326285
-26.165874402517417
-45.95886940552043
-64.25878995395378
-77.70657689461943
-9.926706551609271
-19.622741024912578
-30.33461214904403
-40.32361286317384
-47.7921923658767
-7.0606646815744645
0.37592709187352946
9.3754119454943
18.211703915688826
25.130984417943186
11.059363695394387
19.507738715144075
29.83272797464975
40.5103973944356
49.604304415144405
0.9251051094378221
-3.7194093965299477
-8.465357235103603
-12.480462198667599
-15.093771199948044
17.165312586406753
37.65939226647577
59.44398615084713
78.9329525666708
92.7402619892388
-12.200666530328046
-17.488963634356296
-24.106386098822856
-31.05570545114941
-36.981749568447086
-2.7894927720247726
-2.7976995060714267
-2.063700419755943
-0.8641752805420501
0.3948499714914243
1.063865417214735
11.952690837886841
23.258028448140088
33.23516882896839
40.3672927102161
-0.30876165918480913
-4.700222607200522
-8.822474937629101
-11.847752911196261
-13.232243842756063
-10.750265453993652
-22.951714055827352
-35.61506099309124
-46.515732587878574
-53.67349065876824
-4.096710895299927
-0.1105042446579253
4.471090200912522
8.8517971936359
12.266442945377625
-8.752453279679838
-10.385741507045465
-13.373226536804367
-17.28230055472777
-21.226384937507213
13.80959579675173
41.88078851147774
71.43413418512318
97.3663993794199
115.11243734729669
-2.0974135172731683
-2.5735355410326233
-4.042950142950338
-6.326587275108012
-8.921593747600777
-0.057959292132578555
-11.140546657452381
-25.020021921993774
-39.321091494273766
-51.2709988171146
5.395675941832453
0.6894386706995691
-3.424078168519579
-6.347073989268945
-7.846800756434827
-5.764816753847891
-29.591172594719865
-56.397692296469806
-81.65253300889006
-100.78973998259082
-21.889822116459328
-50.012115946103116
-79.6721765431406
-105.96114007024545
-124.3268753199632
-1.9316025839670172
7.145934243499858
18.108394352754548
28.93004939897493
37.46332530854699
-5.299439661833088
-15.31270800157958
-28.080334494130337
-41.615068963156425
-53.383573634246076
7.04338118304206
20.475988261528602
36.336484077231
52.120608235912954
64.99392999113867
4.055412364071297
9.176766798745184
14.105599359468183
18.153598173175617
20.79790373807827
-0.7804796814141289
3.5496207890556746
7.767885842436914
11.335423290763632
13.86325669561208
-12.932943474051417
-32.241147735033984
-53.82783514302735
-74.18399063708875
-89.68167639253687
-14.08105842660643
-30.345681643044866
-46.35460072813364
-59.236826580266545
-66.72684750835775
15.134622983775403
26.75522191032105
38.93420836304073
49.7686268489702
57.43194652652782
-6.10970479024875
-15.248064384676432
-23.86501025776994
-30.723923503280925
-34.94329831972464
-6.492065614638534
-15.095741540317253
-24.308759621132275
-32.74551560102571
-39.03816867688409
-6.963795954100315
-29.38109860240135
-54.31767508069972
-77.6296412832639
-95.18461149708834
-15.604568306797606
-27.666116422430015
-41.03909012777292
-53.65743605934737
-63.29884102685123
5.668079185110494
8.1630409511552
11.524734246394273
15.375643419565119
19.060980393788967
-9.240708338245113
-11.78217575313116
-13.78490181497807
-15.161032584360777
-15.891227475529476
0.23566098762440235
-1.1871041189842946
-1.8817929889551785
-1.88847014118419
-1.4553289140496877
7.557354167534367
19.16825567345863
31.915928996157426
43.80926127954528
52.83618540219318
11.46832283041216
24.943493206803485
40.31849873471463
55.16792565298794
66.84979339282098
6.843021428074059
22.334297766723772
39.661035405767
55.98911056998148
68.43706961916934
-16.711301399252115
-30.37316454165814
-43.31335255529783
-53.209131756379634
-58.34479830803601
-5.353761241302413
-12.401433581119434
-19.16165894324656
-24.603144544534285
-27.947202860456365
-13.31738239774293
-36.61984495906947
-62.29369326843732
-86.22298795060394
-104.26350232380702
-1.3730863817330548
-8.394672536172152
-15.162387258373219
-20.80608283719562
-24.681229617599087
-5.043083177873442
-3.3790986797011375
-0.3296919475625574
3.4364646579379925
7.0168424050058045
9.672512345158008
22.102359086629594
36.450522175482604
50.344797914018166
61.211585524954636
3.648448868674305
1.2351369859035333
-2.3226656593955073
-6.31040524118695
-9.83942205312107
10.171069044554837
1.5192269624285832
-7.045374253299564
-14.17417376688082
-18.93224122237616
10.539286085568662
21.152526569111803
32.20806594618427
42.12801608772122
49.40562500135666
-17.104574944144943
-43.28045278005539
-71.05498843313701
-95.69478237103364
-112.82776725914836
-25.29405180990708
-55.9178069487003
-88.10411517483601
-116.58812720954795
-136.48996751157225
-5.405826978765112
-17.328416650667105
-31.079292629295374
-44.29026794642354
-54.46486304290345
17.410381631474543
30.578833249606866
44.50374919865919
56.986198617705256
65.88240309117229
20.243317451444987
45.166752838416755
70.4987461604094
91.86651779420367
105.56131511174982
-14.900722097557558
-25.035140829845155
-34.84862990704341
-42.602591991167344
-46.911274424634065
2.385786963473341
7.519054181036657
14.51336825638364
22.214558378229874
29.089225068412706
2.349210325979408
3.4692770393137518
5.935862185153511
9.340091158261629
12.899054591151332
-1.4977194765378141
-8.170520212417134
-14.060906022717358
-18.28849009006445
-20.394486755332316
17.7800061411115
21.172506224315413
25.754944925818002
30.869617942331224
35.42599804828261
13.836279752492294
26.15468675379475
40.03370048758028
53.235548907466345
63.36115039074616
-1.4422145727182358
0.08428687181767758
0.2510355645219059
-0.9327243067288228
-2.9944476715543478
9.554318237628674
5.447179675557276
2.62760221701873
1.5722229139692079
2.134939542803259
-5.543618585559818
-15.608717234673545
-26.998374448697128
-38.02165378872476
-46.838476941069565
-12.39524316443174
-23.799953859618284
-36.241406813225424
-47.70044934903555
-56.129113100062774
-7.986273037578784
-16.555918863051605
-25.448661472957582
-33.48642870674558
-39.52279476613063
-12.12985807365905
-28.514576276184442
-45.81192287712116
-61.203820954958196
-72.06352247243929
5.702886951523296
10.012237060759087
15.507583906790273
21.45567337721524
26.818112192199777
-2.2327502199685263
-9.026113463565991
-17.584366568726594
-26.408644573006697
-33.72950311096002
-13.657482479432264
-19.647670455611134
-25.03346511567509
-28.850971344936443
-30.41815839143155
-22.980076637433378
-38.107075404899284
-52.602085669898976
-63.95156854076833
-70.18972619435456
0.045447017945594026
5.2300006506914025
10.856617554103593
16.184575756973477
20.47184480053184
-5.377565392711454
-9.631029538641915
-13.10869755448789
-15.375353112371128
-16.272025394514998
-7.532783222375463
-8.456651216710133
-10.64683003776707
-13.833752181477825
-17.295011205573978
18.80656009532177
32.352260160569735
46.29060074717291
58.39091601123081
66.59512413951121
9.3537860477602
17.900008187381783
27.752487070280196
37.51719447233747
45.55877737246458
17.23317165109372
35.2772146435451
54.34963184097457
71.39395921742577
83.51142885597865
-6.2631579054701705
-15.846681142131668
-25.150147720651795
-32.77271367382326
-37.62977917325306
4.527185232415145
14.215607564817347
24.68403866269007
34.37850940983684
41.76897293687166
1.0862292710323422
9.875905413349152
18.83447883662101
26.590981458252905
32.003354163995326
-9.345352335765797
-16.229851067756716
-23.521211796144932
-30.24642113612993
-35.38507376559685
-15.272070868851895
-38.59068676890403
-64.1713808291058
-87.85106333704621
-105.47322889419308
-5.65879580044522
-3.3806589897555583
-0.26381447440856454
2.9723259427923803
5.578800276284922
-7.559737324367881
-12.513352802339156
-17.106134446611144
-20.47455345156255
-21.999153693753737
-2.6712420024304664
-3.172416918914143
-3.133297082620374
-2.7151653755111664
-2.1699004434487894
-6.630848888571195
-15.295593032902959
-24.798501734481633
-33.69727020928818
-40.50407641944731
-2.5394233000451547
-8.391159566147675
-15.138099944027534
-21.88805649202305
-27.590912244088525
4.282369873382213
11.770602309964179
20.86810264284328
30.169741756756967
37.998950549344734
-2.4423895687652757
-3.2663471646214046
-4.679536724431643
-6.54076469107853
-8.503301925882514
11.513877452536644
11.018661311818967
12.413133724921956
15.51173058072887
19.428878932405
-3.850420240095566
4.962729432796732
13.367684410063914
20.164591488579497
24.575154535385245
10.092046371073657
12.136103625715222
15.596135525692954
20.060350344695287
24.62367671102265
12.321264171840753
27.54942036475002
44.59110103645974
60.73275271254543
73.13057510827815
12.093667079425519
17.487244442487548
24.583203877599754
32.4343035735537
39.59530748449364
-5.7698247197213215
-9.92585234133806
-16.377405706252567
-24.20992114406572
-31.86907055075185
0.9877608577171445
-1.6670753791355293
-4.668398143269925
-7.380705977573791
-9.216756158463724
5.046370845667192
3.969697498264606
3.7743328428573615
4.513863489999957
5.890264392969074
-6.908525138074222
-2.1259579487324776
2.21666065960413
5.490138725102237
7.413958651171262
-5.483645994715272
0.46660512706293156
7.830286376334082
15.257888113814417
21.30830670855902
-8.516089518829192
-9.345099207101072
-11.150038609701454
-13.784203345248525
-16.700027046718
6.668189039589727
8.001220634104849
11.029691296541749
15.386233380836648
20.14555652080144
-10.606346594921078
-18.185073211304136
-26.05002177800444
-33.185013659578395
-38.556422360232546
16.136948383804814
31.721072935486543
48.96420636273618
65.08904961025083
77.21936899353314
-0.30420755077224426
2.780640671951353
7.59113824855291
13.26846060603696
18.589313309718058
-7.327895552955339
-13.110684137454795
-18.554865432592113
-22.594699498682456
-24.456195527436904
-5.60679852632043
-11.345707164085102
-17.202932764123204
-22.34472284322567
-26.003611755631738
10.19107065595615
6.843002168769931
5.038796613924039
5.061224603642715
6.52513200447421
13.217620195714225
15.619736370483167
19.902882543699356
25.470995432507298
31.096298732866344
-1.6724749860343882
4.973499734230386
13.294317908424693
21.813898059514003
28.8632893914166
-7.453649053399162
-26.203477400988874
-47.33637294549764
-67.46970577557721
-83.08616942896735
7.856730559119348
17.747793143623824
29.349670004475577
40.96896739808184
50.61857042983555
-0.8408656262143493
-7.507737548990845
-13.441709447845135
-17.879284998096765
-20.426893030615645
9.058564924579876
21.664715400057247
36.49715317876362
51.197695747936045
63.09528938338846
-10.836002025808416
-16.369392688727366
-21.85279904503478
-26.636512680169847
-30.084504986729815
32.64928326343413
52.120951359407265
71.65417892078139
88.03067472168674
98.40470506204898
-6.784467735394917
-10.489191186662257
-13.165702862034053
-14.562390160495731
-14.725875883920494
-4.077224648697357
-14.844658460735014
-27.733593961964573
-40.77719354051898
-51.67500481708303
-28.64902878867783
-54.38818117466405
-80.38017220172968
-102.3011051273434
-116.41584493838477
8.502980804945926
15.876050689563925
24.331311563333955
32.76140241026603
39.82936275688524
-6.418130402392774
-16.82230937212033
-29.651585428527312
-43.019186865854714
-54.5535998339498
7.178909075595931
6.701081381591474
8.14007315384574
11.339262950710037
15.465570912572964
-2.0526011879012978
7.246925042804214
18.490154204703405
29.621652284391274
38.449911730620414
-10.801119046763198
-19.633951326834705
-29.038778137586903
-37.683668927029196
-44.20049366445784
2.3091079102550665
-8.114531924065815
-21.38290900895292
-35.19796352813174
-46.85805092071839
4.463160165459995
10.966193158923026
17.742819601461157
23.978558563777156
28.870206770514034
4.052071573021355
8.564403249906306
13.796213035458248
19.120646014006354
23.745905862825822
-6.934378261229511
-27.30241804882415
-49.795897190015765
-70.66821489600143
-86.22818065666085
5.119107265812295
14.021810525810746
23.989121006692358
33.547749130834596
41.13046728805205
-7.782410038767845
-11.882070682990507
-18.453604553468168
-26.55562786453639
-34.534861468198386
1.4151163771022959
12.13438838891334
22.958869193709177
32.20076078246048
38.490453547005664
5.212654920791304
12.61195487324525
22.686709224955557
33.85798637397653
43.952438601756455
-10.51451218794254
-22.20897887500331
-35.91806460977519
-49.46316932822472
-60.360021314516196
-2.4900706711457317
-8.158474749198577
-14.110816413085317
-19.147602402734435
-22.238863867269743
4.383118085976068
9.713745912099078
17.350439461929103
26.06765874129047
34.10357196664264
-1.1210288280355276
-1.6104517305842507
-2.9810169039491705
-5.058151770344332
-7.391140856680341
3.3720236086751387
-1.3021345036961471
-7.449882758810028
-13.904672591533092
-19.317474736183815
-19.437122275289685
-36.96420117344933
-55.43002775209332
-71.81672833934584
-83.26177295960163
-7.098923543153195
-24.166507387569972
-42.7970552799896
-59.720051455375206
-71.81981064138148
4.322534038891312
14.40911602540919
24.21082465604605
32.212709376127165
37.27971018718231
24.603006833205374
42.141899557036346
59.770254566338366
74.61723071199609
84.17360208534383
-8.421734414734402
-18.894131063055163
-29.716667372141842
-39.355232459778435
-46.377763373802416
-27.16815497196648
-53.924743235985005
-81.60903979102402
-105.6545466105379
-121.92339752149968
-1.8897366937911788
0.10914485524149542
0.35815418573068614
-1.1486252051034596
-3.815499184949737
4.414391716859867
4.873110857624256
5.810819623397893
6.954782762568229
7.912619069560782
-3.0396683951247674
1.4272847259593755
4.637972285437818
6.125611099933102
5.970735977603904
-23.700205562358484
-44.967777175079526
-65.99271400892718
-83.10816806189308
-93.32432784740911
8.624332073758648
16.055252490807636
23.60177917951981
30.24300783173908
35.03609072700754
3.782042167024563
9.429980606513436
16.978554032605103
25.203644700569672
32.487565953367486
0.44133290238754996
-3.6375731572102077
-10.324991296213376
-18.45746699524266
-26.270397858964067
2.573188631608461
8.209851473305818
13.110286466880176
16.60876474160864
18.39284677127132
4.0166981864580285
21.309593006716167
40.14982482906125
57.35779012066922
69.92032202685499
10.997944294402297
19.38773386199339
29.82587778171397
40.65936597568407
49.80888274139802
2.1473585010277385
10.266816873070411
17.88408844643899
23.992386061217175
27.92649325836999
11.26199611771295
17.89431148266907
25.58775501343463
33.287555354557675
39.685649054436574
4.44934365921035
17.502402434992856
30.876130909663466
42.543253936515924
50.75707782370521
30.432068053248624
45.565658421468534
60.27437991103361
72.12984083960423
79.08584553555279
9.500191681749904
12.997241306368581
16.752387019666173
20.280628518798515
23.012256983066003
20.585656358022533
36.38030151734404
53.27063692159228
68.4828236154791
79.29314051269768
10.14042567504238
2.0602374287416816
-5.866867340735533
-12.407130603173652
-16.735205334705153
-17.67343153735088
-24.866215809665526
-33.220452634916086
-41.472861707596536
-48.0585073130789
-17.783122039971875
-27.850845080243626
-39.25749221397021
-50.28347802883742
-58.94299578395427
-22.757629431971722
-43.80363618796061
-66.00617643517624
-85.73340659506277
-99.53807993888593
-15.517331083141787
-16.733850151570614
-18.956743164506662
-21.905252358365576
-24.856052326755098
5.610648465016476
13.164216079148888
22.486395138374828
32.262131957232654
40.80184249799539
-9.744781426767966
-23.69538926827353
-39.79072469702929
-55.480786532684014
-67.9539726794822
-12.162103539314288
-13.438748101033926
-16.66170566147428
-21.4360640610118
-26.66549340695919
-5.041401726601161
-16.481889981375232
-27.937182985737213
-37.65779548492724
-44.20251813698106
16.461604154218037
24.742194867489467
33.422772347696316
41.21428624756114
46.80368202419906
-13.852910940907575
-21.001896625550188
-28.029033871185923
-33.93991406890341
-37.83561853232789
-1.1122739137881674
-10.825578954999497
-20.527867358482567
-28.765539407711966
-34.373257876118736
12.352337731792865
17.259484841860516
22.874664368748235
28.45814092333064
33.057585236237124
-30.939185996171975
-56.55224471637326
-81.95912961866763
-102.90503677516185
-115.84155088339311
-5.961275654036185
-7.50982769076196
-7.77372744602235
-6.948126539191574
-5.513592747298611
-4.124170259837087
-6.938322044530556
-11.018966527625114
-15.718277899781032
-20.06307613489372
2.066748037817137
8.430178013806714
15.509860894263094
22.359334019636094
27.96067988350257
-0.1928101420132814
-5.157606778254238
-9.359670858296134
-12.210621059907872
-13.483838011311299
-0.41930067687215156
0.9708752354328828
2.4904905747676103
3.925545444982155
5.071970845310971
-8.577053017123681
-6.098185430128781
-2.562007325946563
1.2113337726050761
4.355229159081758
-12.524222261073438
-14.765506451157108
-18.725904864261523
-23.96841492425842
-29.425100342015405
-9.387224625197419
-32.89651093552033
-58.77129674406731
-82.62021307224671
-100.15650761338215
2.840437985627943
8.837806142972134
14.799310463691477
19.96018610685123
23.68583229403987
-10.842105563372018
-7.881921354274225
-6.05601000995518
-5.699913429841132
-6.581382238555819
6.686984556563766
18.62273516168846
30.953680015097955
41.87376952738381
49.75522521008046
0.6513678592941895
8.29972768715308
15.499230276077613
21.17297241442169
24.616723245766394
-3.3112951550770138
2.477575021091233
9.831449204485555
17.496943386971704
24.02357353763143
-17.485009172860483
-44.92086425911895
-74.36381215937062
-100.97090814854815
-120.12412445109022
-8.654163368338319
-11.494407536911904
-15.08683915425409
-19.031968963819835
-22.653116387836725
-13.535207082079054
-37.343223060939906
-63.200599804008746
-86.72913756451712
-103.71453681115423
0.7340952847818437
-0.1894838113896361
-3.0072695620527
-7.1138447572209005
-11.428919298524281
5.491802141738396
-2.188099628385661
-9.472363385039168
-15.28039972446511
-18.934116675053705
9.944556064397863
20.18949783066144
30.62746769870377
39.734537876867556
46.141190057766615
-5.056011122022928
-4.362605820851614
-2.042766348615229
1.3951273189478992
5.08863237842037
0.6886547744757466
12.473564316265042
24.130323396427965
33.92722806211666
40.53292773126103
7.057024915107811
12.938550837865296
19.18308946452293
25.072307509801355
29.820721576712884
12.257204746464744
18.660209021561503
27.375427437544054
37.08141455360657
45.85121615887081
-26.95483129535609
-49.721276698835545
-73.2358791873733
-93.6827527230892
-107.56126197915272
-0.18571995031874222
-10.84407126909717
-23.183026154467036
-35.1515126872371
-44.58961632195182
8.478622913908428
9.131104551747324
11.367110130707244
14.901263616770752
18.897292105130983
2.8885132133688916
2.768890449025846
2.771383369461606
2.910201045658606
3.1303445590546324
-2.7827430688679002
2.3629982453919705
6.1938111997825045
8.172737295666868
8.338921207712778
-3.5047956433619736
5.637256400309815
16.824782325671976
27.98355414906925
36.892086214908886
-3.3238339883928245
7.096288259603434
17.315666435617054
25.790843696084416
31.407622331272464
-0.5773825452105689
4.972362837283252
9.525899497280388
12.513808079704692
13.811391964340721
3.53717729280574
5.725270652076796
9.713678444478603
14.9379723819135
20.32073829027863
5.22925950374171
12.20412569608402
19.88657459071903
26.86549075608786
31.781330513971778
33.02480904240875
54.5865592487133
75.87509284281258
93.35986706069284
104.0623239577068
-7.482984148933007
-14.944336790618586
-21.719878084884197
-26.87597364171203
-29.807444614952917
4.122335457217447
2.635578163097072
0.6626017972383019
-1.1879041219045114
-2.3534689866624965
11.486952983774348
29.610804444385916
48.6817285943778
65.40207059308155
76.80235980682649
-12.024723392333854
-21.14419005597759
-30.59802709456047
-39.05881796001601
-45.22712703104626
2.9542964107409495
-0.751903435216268
-4.550476774426584
-7.906901814221016
-10.386836922237274
-2.7470071083937952
0.21178583238926796
2.199690132937256
2.924624564165192
2.5093362261910235
-9.911388144768868
-16.831989258865626
-24.38069058500922
-31.583265414723186
-37.33373202835162
7.454214797487561
15.85705263261184
25.435541570994957
34.87292079857666
42.652024503371145
-20.21640088624662
-25.051565705330322
-30.72631463564304
-36.415447862402125
-40.977159386732005
3.6208729964332416
3.249039374184873
4.399956994350581
6.930585826752334
10.188920311780159
8.970030770018422
11.937588593197624
15.194609667259272
18.399469635064435
21.079979949857965
8.800887372132696
14.283398383912871
20.560034605211673
26.537535165992676
31.02768080537446
9.074258271200026
18.685086100096896
28.533399658492513
37.255479822061645
43.59176726085689
-14.55992429115418
-28.846142039776677
-44.2783857052353
-58.405370309425386
-68.77561422469002
-17.142162237232597
-22.769647671863073
-30.05559330178842
-38.00612496032218
-45.095178899886626
7.294296086155952
9.790482045560559
13.69898487048637
18.53363311349743
23.359711835581123
3.78204216702462
9.429980606513432
16.978554032605036
25.203644700569747
32.4875659533675
-9.58693721082193
-13.811925851634333
-18.922744010128405
-24.301399370968326
-29.043132667685086
-10.370191743806899
-12.408593968943913
-15.863332177751488
-20.36104423938811
-25.00790438749164
-2.2387526417347177
-5.136718754625597
-6.451311561575108
-6.096927244866832
-4.486605494927429
3.3353907532324754
0.2533072125306569
-1.6647668412277423
-2.16769467522279
-1.464486295740595
-4.601211699180923
-21.08536271441774
-40.035264256055505
-58.349253490786595
-72.739441160802
-14.509480034869862
-18.26025755463853
-23.802571945904496
-30.39030462105608
-36.67786734126616
0.092231700743031
2.4163207864432557
4.96714003840506
7.499342939161054
9.728492414091935
7.245297838255173
11.826590273807746
16.14221325363535
19.687272860427726
22.063080524488942
9.501212250824643
24.424132807851343
41.62682710790941
58.300873241691
71.41105542690495
2.2955332486233564
6.157657771545065
9.758963387980208
12.632006364103535
14.465460382445379
-13.574362360687182
-28.717571221180584
-44.4667945517326
-58.05141953168116
-66.99507080478996
6.0877390678938115
0.8127538507924313
-4.238259276135005
-8.281584770455355
-10.828688736095854
-2.692979455983576
0.9412972109507572
3.459860807584135
4.499938684857631
4.1743877128059514
-0.5091632556474975
-11.493624862093876
-22.19610165599649
-31.062629901589276
-36.93715523354413
22.502469372844054
37.96702898912449
54.34189346375432
68.95978627094676
79.21960319241998
-14.799481881214014
-25.697435093792805
-37.60524315449899
-48.50964905812737
-56.361257648880446
1.5579737464732015
-1.536139419398673
-3.5490724308631134
-4.196272485949945
-3.6179106221458706
-5.443370817849956
-12.610390220217003
-19.833491963351335
-26.206829589183993
-30.909709117959967
0.25620420892678675
-1.8031688127757595
-2.8473825400047663
-2.7705741521001186
-1.815311030338489
-2.4107988423378655
3.3333987543772237
7.874716292205714
10.556751911891144
11.2849071466283
3.582404331368411
9.125625883413349
14.482967422914596
18.96733977042961
22.049915752072682
24.22182648221486
57.96600217289258
93.20504547944066
123.9661711908516
144.88958950748662
-12.022280231300407
-19.6903432078307
-27.165897605767398
-33.473820190272555
-37.75984318205948
-0.4531309415933441
-0.2978429428128765
1.4644192670001313
4.525615585543734
8.126135283538346
-6.222146552752931
-4.3457865758509024
-1.6482297651055906
1.2560683339983316
3.706747593081644
5.875627670856395
2.241312752184036
0.2462238248035299
0.2176315000744301
1.8148541928444994
5.668424267001519
4.871639728978475
4.19259948420622
3.731452488972577
3.477466125596624
-5.255590743698995
-9.252736555998286
-13.188491131668766
-16.550086909339115
-18.8829156349781
-6.258642084527744
-31.96501052886137
-60.44887989790533
-86.8942336718887
-106.57689854571946
-11.866083592891215
-24.396843469575597
-38.547229627700844
-52.04329439337788
-62.44723647144147
4.4160366707203105
5.851421930869043
5.776225645418546
4.393547220303559
2.299554468749466
-1.0473925233268564
2.7715510733083373
9.111310077154263
16.886201516111015
24.436243237134942
-0.14773099237621568
4.228802295738116
8.674262011279787
12.631070522466977
15.626745974242489
0.6148694478138935
6.179740738999199
12.043115271459275
17.42394537299569
21.59061869467738
30.081406755574296
54.135958552060146
78.93776005591208
100.38296273736738
114.7366732091553
0.13864684133560645
-2.0043754355085146
-5.7271359323011035
-10.40945206074148
-15.041529158827053
12.147059774580875
32.747192983625304
55.348931937347075
76.29665440377396
91.95524088965378
-16.80503847538498
-18.694648267202783
-21.705607687799947
-25.443416821093347
-29.043346782682647
0.12116808098041909
-5.88627153862525
-13.696624334007678
-21.88302245452602
-28.749604073956416
-9.997880226813926
-20.597237826311904
-30.84023224287963
-39.19692394100942
-44.467978036003466
-5.011317538075283
-9.22033929685471
-12.474866132817592
-14.39243417975834
-14.915916649445695
-0.0710531350589575
10.710116542683366
22.771947496821284
34.12425078183349
42.79976680854905
3.5000713230766602
8.967600500416479
15.517106794461743
22.24004103507098
28.019469874756716
10.003141379424337
30.006361022414787
51.983630974793435
72.36258828623458
87.60639317114412
-5.02845932132644
-12.652581589436785
-19.881873973943193
-25.35302975191491
-28.10303615397879
14.240974371603642
29.321500639403343
46.04404941668415
61.726059182882544
73.58849010894376
-0.4809862500599321
12.297649841898789
27.02336589620873
41.18341137963151
52.197339404990274
1.727680022007744
5.736044801967203
10.245915273034143
14.682810714134252
18.399926045299907
9.812922921506473
19.683576355482252
32.05919154367075
44.99481311285093
56.040829324768595
0.14633498718790194
0.8893691849040865
0.3641233420398867
-1.1792420911888226
-3.1419122053285666
8.370682614472717
22.84311841004184
38.10889445562518
51.492413028712754
60.59174890210948
11.893967865104123
37.16469260397923
64.22328209201616
88.5671348930994
105.9903903332464
-19.02614735163502
-31.44850705625754
-43.898186900625774
-54.244492675294005
-60.63406795221408
1.4080896853251494
0.006280241362410677
-1.852088243405142
-3.6172121166577296
-4.749729121217041
-11.26618499034398
-17.98839575740198
-24.543810963212614
-30.103263058494605
-33.9258141908383
12.418128002189215
7.322639949393646
2.9814498804180913
0.1033875815068036
-1.1260374716589792
-2.159337229917084
-1.2522808503862923
-0.20537854912891318
0.8234298483033123
1.6904334999448518
5.452963506813428
-1.9448340110857774
-9.217609246499876
-15.234660548897622
-19.195331886059765
7.399976187404268
10.843546411078298
14.6120725082427
18.3015310536704
21.392396158857153
-0.1375896047402272
-4.858263139877935
-10.079175244009923
-15.064437786708936
-19.052717955709625
13.99159870632204
35.7060817673779
58.18021209897423
77.5351367191451
90.38925361996765
-20.403195542349692
-26.191255970373334
-32.8286763516223
-39.37338312629929
-44.58247949366285
-2.8829725901772245
-7.414130865324808
-11.16779815150377
-13.627559192080977
-14.601185357403253
-10.906595192632775
-34.23236049641952
-59.64782151456807
-83.01454859863237
-100.29721041545342
1.205101876449349
-2.6284405604084395
-7.253403250788613
-11.845579695189116
-15.51477045199702
-3.5623863252314725
-1.0322756304638792
2.328381512819646
5.831336194631949
8.724306369573105
9.179831503919347
10.11086558111331
12.854971109458834
16.99752612595408
21.52424985997677
-5.408093055502637
-8.114048033938898
-10.56674466861614
-12.217752407925627
-12.683384758871098
-4.445897693918373
-1.682510818465691
1.7225252787114083
5.1674361323840445
8.02662311303965
15.284110726519739
21.806510185671808
29.882783626657428
38.29576552027803
45.42109474829445
41.90304233853622
63.23564355238087
83.65283603556146
99.76518506299324
108.82924379673133
-10.866434677039738
-18.092653275671168
-25.85344305526599
-33.11850082634148
-38.76240112745971
8.930191034846013
24.80367018027734
42.82364359280997
59.939077017155974
72.98970918029984
8.755404717779271
13.964180966156185
21.0497639379702
29.06915532718162
36.555586111479734
-8.127596364962352
-12.789540496851576
-16.51629126444058
-18.912952637030152
-19.86614005477668
6.206362922382907
28.607446408312104
53.035601007737334
75.29547824561054
91.41460412836271
-3.8387863377913045
-8.724120370407386
-15.12108740065483
-22.161765229459064
-28.60230829641796
6.64060174579397
-0.3685538003428027
-7.3283677947561285
-13.238391281228157
-17.37676313414516
-5.829018255820128
-14.458512721740592
-22.49296364139483
-28.801061798265213
-32.60907059894331
2.656529466302565
14.983006687784208
27.93027178981648
39.54671083914489
48.062255662427816
11.74338164179646
15.037851378225305
20.327735200796884
26.938700760904304
33.54725763192365
5.288327135674147
14.763813092334907
24.602579147149168
33.03046678613922
38.519457219612676
-7.387110809124629
-8.475029770132231
-10.511002299998507
-13.263446955183149
-16.144898517574035
11.509274106840001
7.74247447082381
5.422869077219241
4.9274962917963
5.962421474302348
22.82901242069251
47.28312401690856
73.21473206922195
96.31260525342363
112.51281299520899
-5.97010992111135
-12.06242162101575
-19.15671659804286
-26.247496331466127
-32.13292175339967
-9.598794039150523
-30.488964211860363
-52.73986618676549
-72.61460037121259
-86.66045728373093
-5.05427867222575
-19.184707963587677
-34.71351453552053
-49.163907669432845
-60.07753549295936
2.431738831099175
-2.9141633922440353
-7.703902599747345
-11.323272209924752
-13.474219878986645
-19.548078226685558
-36.0534154193491
-53.58707882751808
-69.35746978147566
-80.637024281833
3.139754553040667
15.731716657674935
29.254176430800044
41.457285467584086
50.25818036563385
6.97468001378548
15.21522319055622
26.173432495561663
38.11011995478648
48.69741333745366
-7.5883499612784435
-10.28517304604628
-13.518699028897029
-16.85408636468356
-19.680620265170802
0.21827523161104823
-8.57160397724622
-19.311137103390607
-30.13499914540663
-38.95331863894106
-0.45837886764678404
-1.3562555378009198
-3.9728074707319085
-7.78259635174392
-11.80794453496648
24.94513193869466
54.156876641612634
84.66563922474495
111.43520833205667
129.8719275343764
7.638262277801978
17.81787778365394
29.13030973419773
39.58030862296971
47.18620025849767
-1.5530558184197614
5.47971753602755
12.523996293396191
18.567285234351225
22.819471935806916
7.768613307825756
13.10463230498949
19.645411309637726
26.506811492103253
32.50313801968098
-25.106823399122668
-52.54740075881114
-81.27627101814983
-106.55063123397817
-123.99642849373518
1.0728755164991823
6.32981887842601
12.056020700606949
17.415923568670532
21.58422441770299
8.931207626484674
26.26506108196707
44.77876803806476
61.47811489682385
73.54961811907857
-16.946797003854353
-42.08018224911209
-69.13633238366295
-93.71458482290352
-111.56952165029357
9.652847291154151
19.320419214740163
28.700442010641403
36.37003290430393
41.21025492300995
-25.066594837169713
-41.630894358168305
-57.26033825220912
-69.21673408719793
-75.44439727615851
-12.69193435737434
-38.270409776862685
-65.48028086037485
-89.70379449464637
-106.68971162780274
4.868176790802713
-2.578816462804982
-10.227803513481776
-16.99507889202686
-21.98919991751048
10.172275324998793
19.755052120957313
29.647983797792406
38.44359900240469
44.81819585136932
-15.49457865231463
-23.050710652808416
-30.90934011303864
-37.73888302918416
-42.246580727708796
11.133800656657463
37.59407876328704
66.94343055086613
94.27912599676044
114.72859477372336
-22.038222697336536
-47.38211264069516
-74.10740552141607
-97.75653891264727
-114.18260621784968
-5.19615654629341
-8.058635121508981
-10.556813394730675
-12.472460563353266
-13.674007604917449
8.269810079869094
22.97061115508691
38.45530382118683
51.997919880696266
61.162999447494755
-8.198074308200368
-12.343489920880543
-15.409232943042838
-17.127161020854967
-17.527706405752
-31.710693516751732
-57.12121093135433
-82.36863774413744
-103.24129149919911
-116.20026520853784
1.409953594016748
-1.484544598084876
-4.85517730815493
-8.254673704130768
-11.17195841626829
-5.2531121546397825
3.990996262720493
12.873803537346031
20.051209124706183
24.63943956977123
-6.894604829464872
-18.47867303530937
-31.590164588656535
-44.2189582975247
-54.200500946276286
4.735482011842574
25.674135876236672
48.447071707401186
69.08014649908812
83.85903040582187
6.246212978398995
17.378653484378138
28.96874840438098
39.34956893807514
46.98270107791583
-7.246835947679706
-17.48827522080404
-28.32064443428867
-38.19448459363979
-45.59934794509541
-15.50245275451999
-37.69822016368826
-60.96943451725372
-81.49958228572083
-95.79848937182102
-3.158329564780381
3.3361622690667807
11.322162126816615
19.399944837167126
26.03328177710093
-19.422983034762723
-24.297855583935238
-30.131841181896
-36.06899526342187
-40.91255030569358
5.692974753992838
15.139133060605005
25.730776602602674
35.86675251036886
43.85087978008831
-25.69872390581363
-49.80369838558823
-74.67343307739573
-96.2070105669562
-110.69757204698512
-31.5010878406951
-55.300282694347835
-79.18066760130601
-99.10830909028458
-111.60858831218012
4.914100703674232
28.591039894541762
55.4168700328026
80.901931212569
100.47152005732555
-19.22123653452757
-25.351835083544557
-32.334208065917224
-39.1840580494839
-44.63477165113093
-7.741087933603393
-18.169297108345134
-28.810254750201366
-38.193488434271316
-44.984019677534576
-8.263749465280767
-12.056943638254044
-17.818028192743157
-24.788611982343657
-31.614410047895575
7.668628355727535
15.020218761816308
23.180091385579146
31.102877180715645
37.596277988558306
-15.769694853078256
-33.15946991360277
-52.407532964483515
-70.38432223198588
-83.86860236009996
14.022779044892115
42.00864888317663
71.55351596184097
97.56780258630286
115.46751123064286
7.800262943432904
15.68590272407878
25.031652615753252
34.55806366217672
42.67924278499377
6.039658103669045
15.523762760246672
26.41913884334597
37.14430500504326
45.91759171980289
-5.941879082109854
-18.87478135511043
-34.235544918264566
-49.66781968634096
-62.444346062684204
-18.176278481151186
-37.21170727490908
-57.3464396031539
-75.15275949651266
-87.4242388568016
-6.183109415715619
-9.451850372300768
-13.585147060328108
-18.05248129021985
-22.067098876884568
4.639315176452571
7.232101525994223
10.672162459431604
14.562435697565434
18.250658967638365
2.2199223245092
18.813374562468596
36.80348662022948
53.010953740790676
64.51018669691
-1.7762595602314524
6.069048254294599
14.99438411017928
23.348307226911295
29.535321258025842
-12.625126845972705
-21.460814402506987
-32.086317513346096
-42.865056820056886
-51.78400324518079
9.061439624730092
19.558296058187416
30.69525324230614
40.91572353163849
48.67389586358268
3.8109899861900405
-0.29321063455125673
-3.485683180911565
-5.237197005183341
-5.470235973077419
10.50722682769721
22.4233479833689
34.27475378546976
44.25420701180898
50.85793635715922
1.9504908653478923
-2.1033414564220654
-7.130289125720219
-12.051834613402058
-15.751694814281397
-5.1032558714615535
-16.097571462276303
-27.128974737452385
-36.16881362789423
-41.59693629721285
-6.9441521321420945
-22.579989847873136
-40.20675872093002
-56.94852483004056
-69.8283853229468
2.0882227692794806
10.024045487157945
17.402719617539017
23.222915207395456
26.846978992071016
-2.442871285288114
-1.7663527651947288
0.32142806340518904
3.4098916135465225
6.750079207444232
2.938863966233878
13.60570560485632
24.218940134058712
33.11619121111301
38.98644434990018
-16.293348141626883
-26.128986214387616
-37.35373376014592
-48.22657256095619
-56.74936046022957
9.493544728766013
36.34012724313281
65.9840727564637
93.46184172857237
113.90161714660694
12.805298909441884
30.17288994245763
48.91811915954208
66.03622748251608
78.59681099466577
-28.944432852049268
-60.17496041520375
-92.39099905164339
-120.26891190692436
-139.0455719408932
0.5206272914954736
-5.591433999343075
-12.950666235223599
-20.209361716361546
-25.921074498438834
2.649754968317525
-8.220156702274487
-19.12932941949788
-28.410237220561886
-34.754427211821586
11.493261761484515
30.052945230408483
49.90522139237125
67.86128637885176
80.88935813197489
-13.119703717539263
-18.605037341222065
-25.955328523097243
-34.12729357592265
-41.53243537707887
6.492350032783313
10.404597135451763
14.697957930020308
18.923865970821794
22.51317725805066
6.239050987048976
13.833066090665797
21.95792386924749
29.595777161790473
35.67933033391132
-12.504156114188138
-19.575259759415005
-26.073148226733505
-30.822444745992915
-32.98147030162047
-2.8574717943843955
-10.538009922662294
-20.155130925367516
-30.225923123049625
-38.90755658785527
-7.770691248462797
-15.756038090809561
-24.178695121008086
-31.928891706559618
-37.87914425625457
4.271935845650293
11.11950391402241
20.59489250264601
31.15569342482803
40.69039155730358
6.572982904198219
12.964608703276948
20.01002198315649
26.828104175177735
32.41955467597136
-3.4535500840225066
0.0636539365585701
3.8587599287281935
7.3963727220965
10.196109977086504
18.495988090677756
33.92482686410559
50.80619079155782
66.41174797024277
77.94975833724918
5.618250774745866
4.703098397518597
3.867569693960808
3.447230597224905
3.6000498828317045
-6.7510637942363205
-14.662947133458374
-25.08287875191518
-36.48967944837204
-46.76926598776023
-14.971792663397725
-44.384337524422214
-76.25053402447408
-105.22329988925763
-126.18221504238733
7.321274583226338
15.349192840514
24.63920643898637
33.679356118039586
40.80316128488782
14.511606678730265
13.050935078898288
12.843208573692081
13.969794927167351
15.934028463599041
-4.1654261305766065
-7.254971273808928
-11.949013327582911
-17.618895089250408
-23.17848223943322
-4.874782423877758
-12.71559947713045
-20.047286862599094
-25.88006235786672
-29.52806420602418
11.792320082532505
29.211003440839566
49.0167148469882
67.92320564957456
82.47088744966818
7.017496376963222
2.4877663000533388
-0.8491847486564815
-2.4736263073718168
-2.4360284574514286
3.4020604654771804
-3.926070616294084
-12.315628040812136
-20.171652942012784
-25.956378871972166
2.7917407077277967
11.77442715104504
20.308802820944216
27.11709203358884
31.314696851441234
-4.72929274647396
-5.624258835528118
-8.176775950561357
-11.98908028109345
-16.147259469120453
10.306670325216896
17.70920231750201
25.305482125044477
32.08420841884022
37.06461401938444
-29.94541532472736
-53.25543543574874
-77.3276552935305
-98.22753253536827
-112.33089879316917
7.261040668436624
19.159385195203384
32.747179100331934
45.970642491431796
56.579115751440035
1.289740746827218
4.231517775096566
6.773449655365563
8.576730428667087
9.492164136876166
12.450475639890268
18.66651998683475
27.00292574493155
36.22177909825983
44.52023893906709
-4.231029188858089
-14.290702058667641
-26.465425197852127
-38.83947579052191
-49.16166019459744
5.032510603804108
7.847666364840733
11.086945170678476
14.451016520697504
17.49034211770457
-12.696666139925782
-23.09509387040392
-33.8330391230058
-43.26088739497944
-49.8334622702447
-4.33727046796809
1.0241950344064743
5.490142185532462
8.427615866197517
9.676549891202669
9.289291429034247
28.552373306607464
49.00287341627738
67.05824186997972
79.47775982686935
-9.875221036786517
-13.988301183182728
-17.22432723667479
-19.236194486581333
-19.915172578198252
17.087884320734407
43.44326881570453
71.31853402419594
96.12153819518288
113.60766779841829
13.869902439975277
17.52910607439129
23.55563013354448
31.110135656574062
38.60207939476458
7.737452687113325
26.805946064747634
47.17151351819701
65.2580330954551
77.8097993061446
-16.59339034387059
-20.754847736300473
-26.152920828021152
-32.03010136706191
-37.198793420828274
-6.986788644723579
-10.077798677791359
-15.160410321614187
-21.478945620984213
-27.70003547766746
3.381558055342292
12.06970743617051
21.52166152564886
30.449516718490493
37.53410414088356
30.302230043967743
57.282159867652844
84.71843841276703
108.07037559860692
123.35753716579256
-10.007234072027263
-23.206868998637653
-38.162517242329415
-52.46852375976763
-63.55776985837476
-1.3045545020707867
-5.765959045039616
-9.970354411001317
-13.02862947700637
-14.341420714069187
-13.578200582790378
-25.337337985641796
-38.35256308884051
-50.68792814118434
-60.251843906489604
7.340957218035565
17.572190356829488
29.133173415802123
40.31422087147403
49.25030492347526
8.448112466719223
4.352808531540556
1.0897884568818053
-0.8420938342748899
-1.4029190892861974
8.495328403270022
18.800870304060528
30.489764396603356
41.854407216630534
50.998048744175925
-6.098174175164682
-6.8357794050642235
-6.653047339086615
-5.745585515766508
-4.481346673087603
1.4929844012287545
9.829937500569045
17.833357488466746
24.313390267612796
28.428532146365875
14.052126630672603
29.1483352984439
45.68201097310739
61.011417850721536
72.45683189277206
-6.9741308374371265
-9.749853703143252
-12.550439237107398
-14.7804792344741
-15.910347006493623
-5.26035449202345
-24.499109856755588
-45.25207501783777
-63.9099143201265
-77.12664341370441
-3.753957339678504
-9.568380671534786
-15.011146821945196
-19.256936740375753
-21.733682942151322
32.65212070604013
52.723316616522304
72.44140894331088
88.54069737444317
98.27828006551195
3.5608354145424914
3.422607304031137
5.281381659773474
8.83376687084721
13.151005726975413
4.762409916104894
2.1742057473082137
-0.45906470930736776
-2.453700305802504
-3.3376708723351816
-1.837383038263479
-13.353410768113932
-24.664841883773295
-34.08424471523896
-40.31761261862015
-36.50388929665829
-61.81216434406573
-86.85404421583092
-107.48794706457258
-120.21116172016501
9.093242377151128
14.707189444055278
22.8720685017169
32.38056415193771
41.343957497406144
3.505083246956136
5.4235330946594145
8.389683759123596
11.900318672880749
15.189073513797887
-6.532046801671468
-8.885196758833583
-12.144639206388412
-15.98060111454199
-19.738795425233384
-0.4572038885707995
-8.070294107128705
-17.465405928463817
-26.91581185500856
-34.49836891114667
2.954296410740905
-0.7519034352162638
-4.550476774426593
-7.906901814221018
-10.386836922237222
-8.806727519272684
-6.290176897668489
-4.591244234128518
-3.997671966248579
-4.3679164437293885
11.375850176846555
28.30617788526414
47.73994788902211
66.49621075010499
81.15725750681223
0.9085994863278856
18.60397674740996
38.64121304918375
57.56843274921566
71.93764941104995
-6.342606404119956
-17.092279932825228
-27.851436641031327
-37.115011134824165
-43.60383893462901
-8.66979788688047
-26.315624286337382
-46.155551794674565
-64.90050155039556
-79.17156705950096
0.3089362845256106
10.133479769809936
21.620167705961585
32.6650988557963
41.11055372212292
-5.028459321326413
-12.652581589436796
-19.881873973943218
-25.353029751914804
-28.10303615397877
-5.238527533440595
-7.929309836541914
-9.957349745795366
-11.142683853533677
-11.485937331624953
-12.160104740512555
-22.906651561300656
-34.87136079614612
-46.026656259497535
-54.270240190319605
-9.101101644902474
-12.781659525361512
-15.584551336114124
-17.286236286291654
-17.875405078432276
0.46747443159512103
0.27984486563067834
-0.028301999722672222
-0.19100186393567553
0.011674762319511145
-13.779849005842252
-27.88430045543198
-43.140704605177845
-57.204535363962364
-67.70329826440971
-14.106159023337579
-26.290641557067644
-38.543042554465096
-48.666249843729936
-54.80413171422193
-15.04734653561802
-31.98460193888478
-50.31054711725344
-67.02866919181078
-79.1875520013238
9.187199621371057
14.64372713604374
20.45985995297287
25.86680644544817
30.035635484085763
-2.3699614625441012
-3.005957178358767
-2.306290445344168
-0.4394265551864921
2.057272564185069
5.450795690254112
-3.446585153364595
-11.853009796984075
-18.511785685546208
-22.637556915155514
6.744429269137469
14.052146472152081
22.182939348420426
30.106169902390533
36.64452284958082
-15.67192736982162
-43.576174014309224
-73.95870009636992
-101.76652093833809
-122.08739405951432
2.4141152069082508
3.9253447874301126
6.378021944311081
9.416214719413023
12.42550933455357
-11.136100293729104
-21.655295086083072
-31.739425591636866
-39.89170428274526
-44.95235380743795
24.15607758614703
52.77820825390544
82.74873966493716
109.04001080086553
127.0663462224425
1.6287955072554996
1.6149133078539282
2.7939858653066376
4.990752360200086
7.660350339370411
-1.9843745106863673
0.861254021988706
3.450862193276428
5.467557540691888
6.761102936709089
-0.8264982027407181
-9.290539253709053
-19.502821733013576
-29.817605273583148
-38.35563921155421
-7.2070658200532245
-9.040347151897478
-12.640997644737945
-17.59363985366725
-22.88860776845047
5.39109500928329
15.344652271594647
26.58568905805779
37.09793262382991
44.85909760582344
2.52476409082665
8.442967166584992
16.771840782471745
26.133579914754286
34.63750966370513
-12.173788235240927
-19.362002636751612
-25.999028222870926
-30.864865607037146
-33.08219158203002
4.397491151485459
10.058324560165268
15.554732888187864
20.13430736108357
23.207639464587718
-1.4485343646660742
0.7266950419789863
2.6584074837850626
4.073655946860586
4.855119136868754
-6.249100618431378
-5.4464157816084295
-5.8541634137065275
-7.443364657141877
-9.717736545136347
-5.464910490568861
-8.162924761682628
-11.997923536558078
-16.458333523043713
-20.694389200527763
-1.5155671856968884
-12.186411671459746
-23.00925340875229
-32.457017918364656
-39.2356764408629
-5.7733426838716975
-9.927286854254493
-13.528637381272679
-16.133010635776905
-17.49415085944571
13.422867714967
13.160127654875305
14.467396907769148
17.215674382190716
20.64514358167461
1.819392327098965
-5.803807431651344
-14.050585854183225
-21.298596305156018
-26.125123633427176
-19.013067100302475
-24.722472523754632
-31.79854723757318
-39.24594770612844
-45.620040525048054
-6.023672279767429
-12.619960056766011
-18.372573508474655
-22.602539335624527
-24.959911879968097
-12.442536100281673
-24.91931293025892
-39.38465204483593
-53.55134604984915
-64.83768258676348
1.3794257344895384
-2.6368082931419763
-5.172149274425991
-5.945189870810318
-5.217155606665682
-4.7733217858596975
0.5513104358956221
5.679893853552051
9.88005586887402
12.685335358531663
-2.232778577239673
-1.9049641536332804
-1.5716541715123378
-1.3009606340182
-1.1174774045108262
-4.552604144376965
-4.529447684058561
-2.653126179757194
0.5799398231769451
4.244442622251447
4.0566195803462985
1.6097680386166746
-0.7093687307640609
-2.3574090850513563
-3.0102113617490924
3.315884041684637
-1.610163416233544
-5.741511683102162
-8.425524950544206
-9.440812405823522
-17.67948517968517
-21.31024342630912
-26.22284265634312
-31.785846259822655
-36.87843224576265
-15.35446548373011
-26.484318918402643
-38.56553140935026
-49.79968362177218
-58.28775189370439
7.3477914950741505
4.78207228692533
4.193599561258087
5.699079302760148
8.664359814404321
13.99160969039006
36.781865754945876
61.87984414704588
85.16667434226372
102.53331219354723
1.342967458592177
5.248991298736587
8.786233660909776
11.527285618088271
13.234137048146323
-14.500164466893594
-25.346112493103725
-37.3415637853707
-48.66710993697401
-57.35461196430021
2.177374361237604
1.5822350211304954
2.0743082815238902
3.58340118150094
5.677593336693705
-3.869183053574521
0.051319425290462406
3.2758416684277925
5.3562546840916285
6.208136865405197
17.126089802394397
25.274953883094362
34.27874858837431
42.79817098832447
49.32314731072031
3.8913286206410564
12.103286913974936
20.647080428146868
27.976237578815116
32.76242550367962
-36.942982754576626
-63.96439335869639
-90.88785581272008
-113.20238625377159
-127.06444916054912
-0.5015886333226766
4.103653226772237
11.235266948783547
19.707710579706163
27.772171303844573
-22.809268189058763
-40.98811386782577
-59.15436191021567
-74.22377578813827
-83.57861884539427
-12.872404570384232
-23.991495715773695
-35.450064361227696
-45.242010453405854
-51.57382708991585
-23.60991432168769
-48.38068845126073
-74.05790595270891
-96.39314509934614
-111.54047480906587
8.8907099477073
8.886885814940745
10.672464229289353
14.068209018552047
18.243862028217038
9.667077481183252
18.890327006387174
30.619239678446498
42.99304319036298
53.63192947686674
4.8774583083395
6.554291596366103
10.16865154112679
15.18692754068972
20.50065287884621
-8.52194204733824
-9.95562324105381
-12.577572434186056
-16.151320575644547
-19.9833848096999
-25.726456075817616
-43.43338895603482
-61.41717558388353
-76.78286266280949
-86.91407486949456
-2.9932258298064913
-1.0910534205296654
3.0752792573546843
8.705610884252744
14.476406493830666
8.29816563085092
31.52661462079993
56.15713140763933
77.91597135909308
92.96290569467116
5.928524550823147
26.50045555496074
48.932011727422086
69.30030582100625
83.91166588109625
1.9983549334845416
-1.7770241994354636
-5.558472837619861
-8.830905457094666
-11.192040984808244
2.452559909406451
3.186458210201328
4.5094458573325715
6.069390570033053
7.3972546610388035
-0.9046463265535843
-11.814532671240318
-23.622254632834327
-34.281977831104086
-41.90155059146058
-7.60074752480513
-1.3031072073502519
4.697187230362007
9.44130774123434
12.359158171577615
-6.772243375012122
-5.999719087258872
-4.026125492802921
-1.3819809014190594
1.22180462885605
-4.277838026095901
2.6862362475168022
9.137007341951264
14.050435087814753
16.843161125399448
-36.32551017309562
-69.42601971352322
-103.06716472618395
-131.62312272272038
-150.1776478330595
-10.223941164376557
-29.596269420532018
-51.521311779577005
-72.43710598383622
-88.61032907920199
-26.30622310475753
-50.54100830479878
-75.830872504878
-97.99102130832605
-113.14771712269479
-8.639857529217844
-32.29773135363795
-58.624507348813175
-83.34816221373202
-102.15718866299368
8.928559664947636
25.323856024022263
42.72238913999109
58.303153181608565
69.44766100128342
-2.4851365440022595
8.326733354316126
19.22654417625141
28.607562083367526
35.195734998972
-4.251954565228876
-5.379656616594652
-7.531336889382694
-10.32468618488057
-13.077667451552312
5.968150644338368
4.949861056339683
5.244157024140786
6.81852252678948
9.157142479782964
-2.8726640653669633
6.0405925111350385
14.51980711182157
21.363884979139897
25.79100228005752
-13.424246296196944
-29.706858014649235
-47.21237072410887
-63.05853824430108
-74.4571099960025
-7.411538695921922
-28.290963886381483
-51.44835603177005
-72.9061748581662
-88.75269751789487
29.319540200287456
53.08159357160253
77.65185108984625
98.9677297669899
113.31337500367296
9.54938870093744
18.037383794472966
28.420034848510547
38.96536845309889
47.609992448476426
-21.250096418508864
-26.8576990537084
-33.29124830909008
-39.62726551867577
-44.63849873981156
17.2668648383218
39.25545741834175
61.70445821375998
80.74646983604799
93.07456510887205
-3.18255016529668
-9.631086751398811
-15.67465327067642
-20.40201889575524
-23.18907364274444
19.768947305167096
37.41859528894324
56.171353463427515
72.96459583537224
84.85250252796111
3.997798583882424
-0.24882936989812043
-5.100709899323392
-9.596947784312478
-12.844249172885014
-14.324676770838137
-32.957436202363944
-53.941223615408326
-73.91340072761277
-89.31562713611656
-5.934731610201347
-17.742117008637305
-30.28056856364539
-41.55441932190052
-49.6935899230023
-6.947467732186145
-14.81181969644382
-23.68720401209591
-32.10628737409585
-38.51642867188619
2.8649247030368445
4.703531953288242
6.832297167472112
8.99912693156606
10.875843537760623
-9.217111615034867
-16.16095834034932
-22.491884707436878
-27.34937396528585
-30.144948372397046
17.443646451934413
32.859007830194805
49.57586872013383
64.82851600234193
75.86508345153919
19.93963344665546
24.501019238096934
30.25490860928907
36.347997198425865
41.51562591705658
-5.567200015056287
-2.235602293674113
1.1086996638734217
3.98324395936185
6.060542570959746
-5.777199563379614
-16.01211118131169
-26.797312527489545
-36.548899623252424
-43.76293801535183
3.8024686738288405
15.265986224523857
26.877811812109517
36.95693645056389
44.083080398000156
1.3548833203984567
-0.31148650209562645
-3.824974642743776
-8.543609512894147
-13.37117084539808
-4.774094620226841
-6.057580063100047
-8.622100778223686
-12.181318809233646
-16.017039740201184
-4.372411131242371
-4.068301939143764
-3.3271406285952136
-2.3886983195780336
-1.5194356932515949
-7.674923408842727
-16.999457566394085
-25.950355958121612
-33.24299165141927
-37.893856931930046
-6.2169508207282655
-1.1530684196148813
5.76194998783989
13.187944858585361
19.561742959781178
-12.025852676777163
-14.285966829922684
-15.893325677080103
-16.726101679121363
-16.761481116901628
7.668804152092721
10.841551233432815
15.000036165300674
19.629654531442483
23.909406114811127
16.65480990099781
33.452145223387994
51.91131903986032
68.97806274167637
81.56434378028678
-3.770077747259912
-3.089707356417826
-0.6356861161602657
2.979899670679465
6.763704772994504
-30.19787563359513
-61.7096910194316
-94.31350715566298
-122.52505564363449
-141.4196728454913
3.2760127093780844
6.959131051323772
10.262511102117255
12.749909138823538
14.166445002463705
-9.080387238859174
-10.716233616642114
-11.167383281306918
-10.579881166820165
-9.333969275808938
12.29529082823047
27.381337840413416
43.464249035032346
57.99411050764025
68.5248499413592
1.6393228737184056
9.805934695217761
18.711974084082836
27.076511231371104
33.62246620949221
-13.915762184709118
-31.953930056566705
-50.78436685832062
-67.22104388133559
-78.38771982089187
15.105293496643675
23.40562414723632
32.64165293892419
41.343845560624466
47.90590596700396
3.4951355804675344
10.259821741519385
16.43807232319458
21.174162705714323
23.9462774570615
21.17099705089471
27.03555734498355
33.406026819140656
39.317761858324936
43.63607898600437
14.1383868677372
39.47264928399684
66.68968185862381
91.16866649259701
108.56980559309005
1.4929844012287181
9.829937500569063
17.83335748846674
24.313390267612775
28.428532146365942
-3.0409895219313197
-14.082390563274302
-25.1162548017534
-34.45718671646255
-40.74080917456579
41.90304233853623
63.23564355238085
83.65283603556146
99.76518506299321
108.82924379673132
2.6816530388781756
1.3263698512702926
-0.11275962699395092
-1.2257248253489696
-1.709462686789775
4.671114880382785
-6.1763466399003635
-17.04973094627363
-26.32659560338154
-32.75268831554036
-0.39196201365631655
2.613992812739205
6.042813517977755
9.442983944430225
12.318050375067575
11.052567288589838
22.373983489435226
33.820998736660215
43.68488373288416
50.46569509089034
13.88450167201372
17.85127339671127
24.05976157239139
31.609461069546782
38.907470584343606
-10.625101634669754
-10.732672781359756
-10.042360775728746
-8.874851365751773
-7.605507682894655
-3.0143012183376645
-4.128157906530956
-4.503642025099247
-4.163145710968721
-3.3220567046924754
0.20683182635727737
-10.806679362044068
-22.078381075234635
-31.98119768650853
-39.12810901891926
9.695098392574376
18.483336562811726
28.66046532413576
38.79999837707421
47.20742606019629
9.742705408072858
22.087895919811857
34.55726622743851
45.28327165734772
52.65459557356635
15.762353271747886
22.429646806014432
30.519760800177025
38.86518784056918
45.91220699244044
-3.5942907158965816
-4.063358998606454
-6.042346566475501
-9.266996579432458
-12.982544171106639
-1.7592797121840023
-5.364587759988596
-10.291648825840404
-15.822109961929876
-20.923648846691393
-30.611195936952154
-61.49529914245448
-92.98193646222246
-119.83531292891773
-137.47558308910294
-0.8055032900435114
-1.70045257396712
-0.7835928628533934
1.7441747019585168
5.14632394356549
-1.5585224942981442
0.6583979894434767
2.4439768773456563
3.6323359033662634
4.242138556323693
-3.9561190572707337
-4.952305169945891
-5.374996189987557
-5.268435339826989
-4.7971827627633
-6.6956624402754406
-6.693992393436539
-5.832501920905341
-4.391121081924481
-2.78120828649319
-0.4020210440673365
9.780399906095283
21.049988267998714
31.379395824229533
38.862097778850796
21.02897612842219
37.250615911016176
54.63376368158479
70.32080845017623
81.49692091525198
-2.0484193650829767
7.095359088629466
16.014972881430456
23.30784374834478
27.974074850741808
-7.514697626952214
-9.118530337363232
-9.49230468525602
-8.804218539706582
-7.481157201886101
-12.490476718429363
-15.691802751714867
-19.728892069612954
-24.126517856279786
-28.08343284208359
5.286572039982768
13.321980008607033
22.03734277777633
29.84995012911324
35.27561555495385
-3.4381712896568364
-10.234039185541064
-19.59133715021279
-30.054063361227794
-39.58876024132356
22.724639049596217
52.96036967810182
84.96060654180842
113.42526464584238
133.42451722850038
0.43781907001660636
0.874746171419828
-0.22536706517454308
-2.5347776021535897
-5.305815540979251
-8.338161850728092
-15.436213101732974
-22.261728399057585
-27.522891405212157
-30.237616773440475
12.621350622665275
17.800191451498108
25.273699809718224
33.97648361811895
42.176685280550394
-9.823889188215084
-13.634053792050539
-19.473094008209
-26.59239451344352
-33.60561749859124
5.716943956883555
16.499675093928193
28.82173638226371
40.54388282956116
49.453500351814625
3.496402190898333
9.01707125034607
14.24631064621138
18.48843087361824
21.247487467573976
-3.329569602187051
-8.079337208519194
-12.572234038448956
-16.232291363337204
-18.635519169806017
6.508976635092302
16.147530884805416
26.140683143757123
34.6992675861514
40.27270845867924
16.48990169096852
36.52135399140959
58.09277328237897
77.71877562243851
92.00645832375308
3.090023449171134
5.553842319369264
7.602580657015028
8.979344234861717
9.585536789050998
3.6359360797483675
5.784804555919634
8.362111524585705
11.03537681577204
13.360608912621212
1.1393426585583941
6.292632839459251
10.034536673699328
11.922793333533527
12.05314801944849
-18.484918488922887
-40.24472271482853
-63.20040787184083
-83.6545313539563
-98.13085735103307
-30.008331136518905
-64.404382872494
-100.147756694317
-131.23549157916244
-152.25651090005027
6.679465074071337
16.518466905844605
27.966752734918252
39.32974553517358
48.668604112768094
0.49109941733105134
8.220726911962064
16.665956204672806
24.653596970507667
31.005672425922157
-6.409602150145589
-13.832979378346682
-20.966464597222654
-26.42527967569233
-29.185691161264337
-0.34695734051732485
-13.347033880423886
-29.365967718357606
-45.72339420731573
-59.32680378224635
6.0270868856050965
9.544792217843622
15.2437811747461
22.32008801875285
29.352990165099104
9.171652532469633
20.180645312302378
31.220679428948635
40.65732343459232
47.097580045892265
2.142460195372505
-3.665264140774419
-10.145547640837894
-16.135814201464804
-20.536299686304332
0.2838454303451451
-4.71946943149062
-9.433429522870064
-13.248014155941469
-15.759904193281809
15.711959195348634
33.62604340564626
52.65966262617974
69.76518592602523
82.03556104069173
-10.493760379819664
-21.961672265316377
-34.558356114754524
-46.41176081804239
-55.55367851566775
5.6449847239629465
15.809340759342678
26.647191914663857
36.660979564542046
44.37332700580982
-8.791612925650185
-20.606085101733733
-34.418230816603156
-48.016211361362046
-58.915102363022
9.25434833366134
23.81054092942894
40.47823671849571
56.63622378135789
69.43996746738792
9.905722669114262
8.693567310710302
8.643761589988586
9.759875347013132
11.567197748229859
-2.8879403786892084
2.046475400224329
6.646058292459069
10.274155757487037
12.564984284920882
3.173568050269123
9.519354723852565
15.915570504722787
21.447063871652
25.34065440120946
-4.955253886280336
-13.025594029696988
-20.56370165267853
-26.47191190795143
-29.997596108890534
-12.455288361172846
-23.486831887951904
-35.073647196201286
-45.23839374672341
-52.136984878622705
-4.122024551850164
-10.539230930275412
-19.428581899139438
-29.312524131881908
-38.17527932245521
-1.7410971204418222
-2.8181838488319153
-3.3591042317039683
-3.341380164374684
-2.8933885958170795
-10.241590069297418
-35.577184263622534
-63.823485019934346
-90.34327567377572
-110.45031838497529
-9.536360843283894
-17.413322044092567
-25.15552599954252
-31.341614217117527
-34.82801956443639
-5.983149210756086
-2.227914776878406
3.3167068856646895
9.530915165050445
15.041826234752401
-6.578409854201742
-15.733773967880396
-24.497130981848887
-31.575062850917384
-35.99918946931499
-5.70713719611634
2.1734348244130186
10.079213633572945
16.78664955920556
21.387282693149913
-1.672545563280989
-8.794647070926258
-16.44588192959571
-23.534944753462963
-28.992661319237975
-14.805315881458146
-23.169735890281004
-32.301807369271714
-40.91078552788972
-47.55702516115065
30.704077602763007
63.00090448250326
96.00487288641823
124.11647836442428
142.46294809864003
7.268371610134895
11.675901411856037
17.6720547528431
24.24657912145247
30.022731740863122
-0.42675752082627183
1.2780336825877745
3.4536368459108107
5.916749027924477
8.355254298221471
8.670580550437865
21.300987300745675
35.41931050693093
48.74705179685471
58.92991451183912
-7.529702732249995
-16.16003496803533
-25.76809313132333
-34.92773464781633
-42.10427140195787
1.7763690877799703
2.3500765431172144
2.830107917069703
3.376730753840165
4.102338405372131
4.950664671500003
-3.956843001584757
-12.757923895166108
-20.078458640518633
-24.916735342772988
-11.196082097564151
-15.776218993200164
-19.80544096931477
-22.84405797529925
-24.585780257176722
5.965266548211495
17.4459023863925
29.96758696103239
41.59199673843155
50.39450371316614
-3.971774517521791
-7.284062523463008
-12.292457816623262
-18.1120636727641
-23.454025300733836
27.182208006021554
53.98564968894726
81.73400194626697
105.85012064479099
122.19177245509039
6.5331598220250315
6.458664352112581
6.763925207513331
7.436084509947863
8.274479206709168
-5.142109848269038
-16.338588817034356
-27.820135025050533
-37.91521078338611
-45.141857181724085
-4.225647614953524
-7.060269244937724
-10.755425783278742
-14.878268258386992
-18.736677934258992
35.66984091227807
65.50277187176815
95.43265766321132
120.41249961183792
136.14633811890442
-5.648120025779585
-16.972110231723597
-29.925358333313373
-42.422230175028695
-52.229387171702164
-2.5036415251117217
10.878813510415249
25.91183346133189
39.90013468603148
50.25765286854126
16.58915764282886
23.936466693976712
32.6503937907784
41.374247063762326
48.42868841204668
1.819126889814917
5.280675576162033
8.839408380256991
12.061058507447463
14.543369754217723
-8.952555189172747
-17.32452513493597
-26.68429061516695
-35.666881715840354
-42.76520265908843
8.052521402715543
13.876161397998942
21.940448110721906
31.115987513217572
39.68009018650548
-34.40592414982078
-62.213248686146436
-89.72531769815082
-112.31769682356547
-126.15194548020652
19.170087095389857
32.52982762805679
46.89053351768921
59.92794822782019
69.3094518945321
-15.335736193631469
-16.732753305357274
-19.389630311446087
-22.99942958872997
-26.730394493782214
-6.662931203019417
-15.040375652545327
-23.104312385363
-29.74320940628845
-34.09429845721634
0.3319851724938382
9.148827115923904
17.94662697659656
25.46745415094489
30.71573114111023
4.652916397604775
9.734849921672977
15.257817804501347
20.584903582939432
24.99750840587692
3.5862853730862922
10.676783200240092
20.58352976502465
31.70124377101842
41.81257564427045
-6.36478469658979
-10.896922771260613
-15.817673870235012
-20.297504379849233
-23.494468667105885
4.987105624826724
7.994134262215277
12.13181974681121
16.873045848853966
21.369127749211852
-5.830073600644946
-11.17635714336198
-17.71782407123428
-24.5429182379662
-30.461518705653752
1.7369985828471601
21.786544475520756
44.093339637288004
64.78996196214446
80.13045830494413
2.503028954343653
6.662403197403004
12.440253561593064
18.99043151388728
25.08432637723261
10.949679067346263
17.785023187243453
26.301588588659175
35.15369218387083
42.624635966590326
-39.00882999219779
-69.18802667133507
-99.27168258906926
-124.2716953899652
-139.94669778299027
3.4633911456617272
10.021019765374575
19.168189037605224
29.468406135175133
38.906573502205276
-3.8016890154303824
-11.979599244871391
-21.16484486088824
-29.979439529217363
-36.95614003500187
-4.5137966416535145
-6.092057924409221
-8.424668688166154
-11.279455015800213
-14.155653236920287
-10.450632774451657
-12.391839665372324
-15.601876074139089
-19.585583433003933
-23.422404041500535
9.939171156949131
17.46913243731359
25.280746756820967
32.29489174621405
37.45751092879299
8.60333230791084
6.876481879474631
7.131291702812091
9.346927708801626
12.767547501231343
3.7895394025683653
11.585683189638385
20.537340658385137
29.197075909480517
36.01846647457131
6.183725728548217
7.692588788764325
11.723384985089899
17.660411080855354
24.125943579733576
-14.441787218896856
-16.49912661646279
-19.26862921284268
-22.360709308650954
-25.077780862218674
15.039430596157494
34.894660820548694
56.112248493493226
75.15721515237463
88.68627471289933
-0.515799154509286
-7.186046408785022
-14.617136450919132
-21.609813785134694
-26.963980469224794
18.029213174217624
49.218785600626994
82.43296478014902
112.03350589912947
132.80673089685888
-8.066912602259084
-30.886509193656224
-56.1959301802418
-79.876478357828
-97.80319216850525
-1.868475217411111
2.5259697153341665
7.368483000909479
12.002049011192556
15.772881796498897
2.1633297127457563
-5.731921951037806
-13.927009139773396
-21.239991772927624
-26.644747889439035
2.620234051131033
6.610735394239808
12.417978529143284
18.987195157978316
24.88721222638506
3.4633911456617095
10.021019765374584
19.168189037605256
29.46840613517514
38.9065735022052
-5.58887907724019
-9.60955706969221
-15.188708866765074
-21.39755290809676
-26.935527085535277
8.920404944877976
9.97411181351879
11.821982196282022
14.221904323411131
16.63016410695881
0.8735073589985743
1.3395241593300926
3.135102370681212
5.821662617798139
8.632951618462595
2.3754787367399604
1.5373508310941832
2.468893205365507
5.0110745710457065
8.436479354941772
-13.97845263209281
-24.500301802815144
-35.03523721179537
-44.03584039662261
-50.12369782356601
-16.026229063040915
-19.74383579791853
-24.917611455825934
-30.908317715887705
-36.543362330602065
-0.30962780867865247
-3.298154994120783
-6.287979893281505
-8.849848151421938
-10.632445164958149
5.3780320859783854
4.475182509413276
5.119344046026966
7.139309647434959
9.850096249095069
-11.59787759486429
-10.078536974013408
-9.565201440180035
-10.186199392268112
-11.581160637301128
-11.694850168660402
-12.25702200806725
-14.267693570148946
-17.527249201213106
-21.26101034936024
7.885990151812844
18.75319526122326
29.354414384979595
38.0285130080704
43.48653505605473
-6.322983912295055
-6.023976188050008
-7.360409642986526
-10.124275784391958
-13.541828784644036
-0.7513380363830852
-5.663496379789511
-9.19517670548386
-10.943330754542897
-11.014479005171609
-8.515492078539115
-20.56947952970756
-32.546891360279744
-42.676328335469755
-49.48687654593856
3.943663027463614
0.0705085805367881
-4.11109437383102
-7.702810964698892
-9.964405396557424
-1.57948119130122
1.9886691768074196
4.503396590001455
5.6529130766085265
5.552239505525003
12.92160096996064
21.618007529360387
31.123989912230797
40.105919915952974
47.10353144782996
2.024442888168728
17.463459078340925
35.987578637315146
54.462714869646184
69.42145529338293
4.940858916152748
24.712453576385705
46.96766944033356
67.96836747820294
83.94538973064972
1.103634173294466
11.810553372545158
23.81749983656006
35.01201539273044
43.33049399437266
0.008112213936193213
-1.7796579111733437
-4.729226329012797
-8.310413883343895
-11.726118178476405
-8.197953500803631
-18.74500464021372
-31.725601993814003
-45.09379230546668
-56.350886730644305
-0.7729775582902102
1.4998500618971469
4.212547464210693
7.057084775524997
9.64279654131707
12.14705977458092
32.747192983625276
55.348931937347025
76.29665440377399
91.95524088965381
-2.8768365364749298
-9.05839400750478
-17.893220550571442
-27.988498210960838
-37.337603192048114
8.04419550358621
4.772712056288688
2.3165061285037996
1.038275859069235
0.881784658277572
-6.9934864707963955
-12.782799769218261
-18.35293078224618
-23.03217018817361
-26.263003942277063
0.6142814801471163
7.8223454081006745
14.54354857943666
19.78104504437114
22.905880624375808
0.9229184467270203
10.754483952873912
21.174886922646667
30.621728576222438
37.65977238352716
7.399976187404238
10.843546411078282
14.612072508242726
18.301531053670427
21.392396158857053
4.045793675798957
0.23977925807019973
-2.3620038881182954
-3.371767654390347
-2.915612265744443
-15.110956584318084
-35.35655157595408
-57.84339892841772
-78.95554606173079
-94.9671803889722
12.07397442577696
20.609797440938546
30.22877723851635
39.4727351696682
46.7150574862774
-6.462419409757892
2.256214427079015
12.407945788615676
22.105157497441624
29.501804889182708
12.55620550339522
34.99252789845521
59.583606083364536
82.30483063427569
99.18453513435686
15.951915461257006
38.07866961864689
61.77799638049573
83.19241940239435
98.63642499029514
-1.985027289242233
-8.624887858004154
-14.923984268895587
-20.018369476224258
-23.300286544553913
8.748230772645243
14.422168053926368
20.36084270379922
25.82958895037465
30.054576343532865
-5.5229236385077884
0.42407842775103777
5.262280568119677
8.254988572767672
9.248922785766425
12.980180814054584
26.232786264316804
40.85318133491851
54.47245569521671
64.66361109277726
7.043379850712172
4.367324001285282
2.7494597892893924
2.4263959232862553
3.1707412571035314
-13.147325870459245
-18.51119961342389
-24.759029991558055
-30.86194206373493
-35.588845498635116
-16.346235567419022
-25.065776666383453
-33.75156247862364
-41.13892741436319
-46.06439027689125
42.9663782717423
66.26039350175078
88.68433299394269
106.50876250431209
116.70118550513762
13.070376827378858
39.44573106823894
67.21437106636942
91.57369595162871
108.22850787082784
-4.787190374653901
-9.084441915591801
-15.35929475139405
-22.724769112394473
-29.763521111767655
-2.646774532660825
4.722091434382377
14.541023230245205
25.125763061256404
34.392780071453544
-15.24456724176332
-32.76641430146385
-50.38669355718344
-64.99500054513528
-74.00645857516552
-0.37586969054931585
2.3230186892388027
4.99346016213845
7.289736129104674
8.949593015199945
0.7245850288192107
6.7076914382276565
13.237886509270618
19.32701399117273
24.011247006348004
-6.8888543556183786
-2.2858392437360817
1.0923417665759483
2.7276898360719097
2.6926206094201706
-1.820178163555561
14.382548687375657
32.74047559389132
49.98639485289572
62.91812688571468
-4.2139057610717865
-10.209542247613651
-17.89417045465159
-26.153019138576177
-33.492162541484525
-1.4999208125138073
-9.92012990635233
-18.157431328543147
-24.93672637154897
-29.294250347825397
-10.06641926799034
-7.899782604067604
-6.762927578700135
-6.868940315115366
-7.9329922770036605
-17.61488356266085
-31.158211255918637
-44.86358156929416
-56.34099198291461
-63.51174550973955
30.56655344935948
58.372088432101144
86.32655872061277
109.6632226758171
124.34454420834335
-8.045330714437402
-19.462724248389275
-30.54263416177475
-39.23628156820455
-44.00455975939977
-0.11470164364379898
-5.488175634482734
-11.42977886671656
-17.16218037516764
-21.859366378378073
-2.6432305420859508
5.768392113096634
15.386694613197704
24.509729971120276
31.459817436208983
7.447647869849345
10.215656570323848
14.576990305821207
19.95064585627749
25.270288832797757
-18.22626479604122
-35.32342505735795
-53.06728194883456
-68.42584192638083
-78.65068762338656
4.798389448407607
16.65720881123564
31.08658424900283
45.72290542333447
57.8285266245262
0.7188086870481828
12.89757809320335
25.09171197368162
35.42956474730199
42.42961512914506
-22.474056416691546
-36.06091423403006
-48.66576562774842
-58.08088868317966
-62.700784994690046
6.119267161698871
8.719289171486007
11.707819102202457
14.83451673401396
17.687806172776828
18.71128502452827
33.78751518667346
48.816713666092944
61.19619083664721
68.75221949412433
6.097406977433908
18.846005640545133
34.171923342679186
49.616956921575856
62.347790494706764
-37.47861165037083
-62.4895459611248
-87.18523079123601
-107.43075565423752
-119.74097960643238
6.607361841423512
14.493245668094325
23.484973669385443
32.25979790844682
39.34086081076391
9.994282006484864
18.074983272982198
28.13734267422197
38.67089226531365
47.72953042985687
-5.008387400690762
-6.806168859548721
-9.764593449913564
-13.40989848748626
-16.932020829529893
-1.242543574916367
15.566941107041423
34.879570111902645
53.328289939087064
67.50378394741625
17.778897476565177
33.58555945286826
50.61781728582803
66.14487405427052
77.4524244444287
15.795491747720536
19.118534793079405
24.245889595553916
30.49197386211734
36.55261608344257
-3.6168210376980423
-2.7939276394009984
-1.0974068237142123
1.1022540074346794
3.28048311757092
-4.063670985066439
-13.506811266621462
-25.04476166980845
-36.75228156163097
-46.39182956614915
3.7158745423485047
7.745050305656476
12.840098087869023
18.36351351725117
23.40825993466096
3.7463214183079896
15.565595559619707
28.307373156938205
39.7177980474531
47.725573810583064
-11.012984741208506
-6.014261107126495
-1.6146757750892822
1.4550956354065536
2.9410370355729785
4.454125811606442
4.37093440042082
4.0605111522666695
3.608400018058187
3.11258577578787
-9.27023937771682
-8.582220103032299
-6.589105802407354
-3.8762274568983774
-1.2001905801414456
-5.3435631677971
-20.84862701979255
-39.188544860728
-57.477207953285834
-72.4511097332539
16.739340121439497
19.276292872370746
23.069795670298234
27.577179289638938
31.78770882026107
-2.6751745097183286
-1.5790985081526974
-0.5820287390177802
0.23232415612027457
0.8538224235189945
-8.43401376474614
-19.825564764881516
-31.390308573638727
-41.02251034535761
-46.96178180527016
-1.3982110661475766
-6.747552825575231
-12.352307364232264
-17.465840828164264
-21.379837433587266
-0.11796770338921603
9.546354442815474
19.577441855717254
28.590374561045426
35.35723762910079
-10.396177380535649
-13.005680643537874
-14.920789005436937
-16.087261335186646
-16.5495739254333
-21.720424272006987
-27.192264742347692
-33.615529895510186
-40.05524410556908
-45.230438761688156
5.21007208962235
8.550444153745339
11.662938880130689
14.144343353258353
15.695222725494737
-5.649752830453091
-14.17519761067267
-23.30886839325616
-31.691540241620025
-37.98266305636482
-6.3632895414038275
-21.605245191799007
-39.681185431244124
-57.68636230357582
-72.34032720096347
21.14455118676255
51.515400653425054
83.91257397358412
112.94527400201723
133.54515980000053
0.9251051094378292
-3.719409396529961
-8.46535723510355
-12.480462198667567
-15.093771199948069
9.77282321575813
21.0398231400017
32.44941470049691
42.32043549985148
49.178813570259315
-0.7789123032352242
-1.5002467777333197
-1.3489189059374103
-0.5179817178176395
0.5899286837246333
2.6157268212554636
12.53830188429199
22.933726897360984
32.377433308870174
39.5456546270708
2.8875943849111745
8.38081949974174
15.896587570102602
24.310588285565842
32.03890961864562
-38.15962135180923
-72.01257056513046
-106.11631283300834
-134.79957124358452
-153.1854258750146
5.482529814081061
11.405333687212726
18.171971767270243
24.902282327895563
30.550979130360368
-4.915607509707274
-1.3191013583373299
0.92272113383113
1.4651778952195893
0.539760917770009
1.685158991308096
5.811028121107525
9.557895860536146
12.46250218420511
14.259014196444223
-1.5356133873520403
1.2386167906330132
3.8635846404306213
6.034011737629334
7.566390914771531
14.671521579566548
22.120603046245996
31.34350829452594
40.91867959760381
48.997772033668134
-0.31653333771162606
-10.62002333167514
-23.647361825397233
-37.21146097746521
-48.70159759766552
-17.6132455940498
-20.98588439208902
-25.93640515865821
-31.794523217798066
-37.316160991606445
1.6426310749880702
-8.951370366458281
-21.4634454164472
-33.66802479959798
-43.22751512681887
21.34070999934039
28.83319123774893
36.81387141928907
44.02857895902354
49.1245245936013
-3.884012351113928
-6.131385328162787
-9.832538543723459
-14.381063997788608
-18.777394176038534
-7.650275034881706
-16.699125943897233
-25.71663509882758
-33.013300782115294
-37.228835468963204
-12.004548241544004
-24.599354723194303
-39.551741165226304
-54.53968831115852
-66.83041395056297
